estaciones_CTD_tipo/d01.cnv
* Sea-Bird SBE 9 Data File:
* FileName = D:\STSF_PD201304\CTDDATA\001.hex
* Software Version Seasave V 7.20d
* Temperature SN = 5424
* Conductivity SN = 3932
* Number of Bytes Per Scan = 41
* Number of Voltage Words = 4
* Number of Scans Averaged by the Deck Unit = 1
* NMEA Latitude = 37 26.93 S
* NMEA Longitude = 055 42.82 W
* NMEA UTC (Time) = Oct 03 2013  10:12:37
** Ship: PD
** Station: 001
** Operator: Marcela
** Campaña STSF-PD201304
** El sensor de oxigeno secundario funciono mal (sin dato, valor= -9.990e-29). 
# nquan = 27
# nvalues = 77                          
# units = specified
# name 0 = scan: Scan Count
# name 1 = timeQ: Time, NMEA [seconds]
# name 2 = timeJ: Julian Days
# name 3 = latitude: Latitude [deg]
# name 4 = longitude: Longitude [deg]
# name 5 = prDM: Pressure, Digiquartz [db]
# name 6 = t090C: Temperature [ITS-90, deg C]
# name 7 = c0S/m: Conductivity [S/m]
# name 8 = sbeox0V: Oxygen raw, SBE 43 [V]
# name 9 = t190C: Temperature, 2 [ITS-90, deg C]
# name 10 = c1S/m: Conductivity, 2 [S/m]
# name 11 = sbeox1V: Oxygen raw, SBE 43, 2 [V]
# name 12 = flSP: Fluorescence, Seapoint
# name 13 = altM: Altimeter [m]
# name 14 = sal00: Salinity, Practical [PSU]
# name 15 = sal11: Salinity, Practical, 2 [PSU]
# name 16 = sigma-é00: Density [sigma-theta, kg/m^3]
# name 17 = sigma-é11: Density, 2 [sigma-theta, kg/m^3]
# name 18 = potemp090C: Potential Temperature [ITS-90, deg C]
# name 19 = potemp190C: Potential Temperature, 2 [ITS-90, deg C]
# name 20 = sbeox0ML/L: Oxygen, SBE 43 [ml/l], WS = 2
# name 21 = sbeox1ML/L: Oxygen, SBE 43, 2 [ml/l], WS = 2
# name 22 = oxsolML/L: Oxygen Saturation, Garcia & Gordon [ml/l]
# name 23 = dm: Dynamic Meters [10 J/kg]
# name 24 = gpa: Geopotential Anomaly [J/kg]
# name 25 = depSM: Depth [salt water, m], lat = -37.4488
# name 26 = flag: flag
# span 0 =       2880,       9306       
# span 1 =  434110477,  434110745       
# span 2 = 276.426817, 276.429916       
# span 3 =  -37.44938,  -37.44899       
# span 4 =  -55.71643,  -55.71455       
# span 5 =      2.000,     78.000       
# span 6 =     7.5996,     9.8866       
# span 7 =   3.467393,   3.662387       
# span 8 =     2.7358,     3.1025       
# span 9 =  -9.990e-29, -9.990e-29       
# span 10 =   3.467499,   3.662492      
# span 11 =     0.0000,     0.0000      
# span 12 = 1.8649e-01, 6.0964e+00      
# span 13 =       2.07,      71.29      
# span 14 =    33.6065,    33.7011      
# span 15 =    33.6059,    33.6998      
# span 16 =    25.8831,    26.3129      
# span 17 =    25.8823,    26.3115      
# span 18 =     7.5924,     9.8863      
# span 19 =     7.5947,     9.8879      
# span 20 =     6.6607,     7.4629      
# span 21 = -9.990e-29, -9.990e-29      
# span 22 =    6.38717,    6.71643      
# span 23 =     0.0000,     0.1402      
# span 24 =      0.000,      1.402      
# span 25 =      1.985,     77.406      
# span 26 = 0.0000e+00, 0.0000e+00      
# interval = decibars: 1                
# start_time = Oct 03 2013 10:12:37 [NMEA time, first data scan]
# bad_flag = -9.990e-29
*END*
[from data line 54]
       6443  434110626 276.428535  -37.44920  -55.71558     56.000     7.6368   3.469447     2.7616     7.6418   3.469830 -9.990e-29 2.2612e-01      28.72    33.6960    33.6953    26.3033    26.3021     7.6314     7.6364     6.8791 -9.990e-29    6.71098     0.1025      1.025     55.576 0.0000e+00
       6476  434110627 276.428551  -37.44920  -55.71558     57.000     7.6251   3.468518     2.7647     7.6283   3.468724 -9.990e-29 1.9964e-01      28.07    33.6969    33.6960    26.3057    26.3045     7.6197     7.6229     6.8837 -9.990e-29    6.71273     0.1042      1.042     56.568 0.0000e+00
       6502  434110628 276.428563  -37.44920  -55.71560     58.000     7.6189   3.468067     2.7664     7.6196   3.468072 -9.990e-29 1.8963e-01      26.98    33.6975    33.6969    26.3071    26.3065     7.6134     7.6141     6.8877 -9.990e-29    6.71364     0.1059      1.059     57.561 0.0000e+00
       6525  434110629 276.428574  -37.44920  -55.71560     59.000     7.6145   3.467769     2.7677     7.6181   3.467999 -9.990e-29 1.8649e-01      25.94    33.6981    33.6971    26.3082    26.3069     7.6089     7.6125     6.8909 -9.990e-29    6.71429     0.1076      1.076     58.553 0.0000e+00
       6557  434110630 276.428590  -37.44922  -55.71561     60.000     7.6158   3.467961     2.7688     7.6183   3.468071 -9.990e-29 1.8740e-01      24.75    33.6984    33.6972    26.3083    26.3070     7.6101     7.6126     6.8910 -9.990e-29    6.71407     0.1093      1.093     59.545 0.0000e+00
       6624  434110633 276.428622  -37.44920  -55.71563     61.000     7.6137   3.467889     2.7694     7.6170   3.468075 -9.990e-29 1.8975e-01      23.11    33.6992    33.6980    26.3092    26.3078     7.6079     7.6112     6.8900 -9.990e-29    6.71436     0.1110      1.110     60.538 0.0000e+00
       6705  434110637 276.428661  -37.44922  -55.71565     62.000     7.6090   3.467587     2.7691     7.6106   3.467629 -9.990e-29 1.9059e-01      22.47    33.7000    33.6989    26.3105    26.3094     7.6031     7.6047     6.8872 -9.990e-29    6.71504     0.1128      1.128     61.530 0.0000e+00
       6745  434110638 276.428681  -37.44922  -55.71567     63.000     7.6067   3.467452     2.7683     7.6102   3.467641 -9.990e-29 1.9319e-01      21.77    33.7003    33.6990    26.3111    26.3095     7.6007     7.6042     6.8851 -9.990e-29    6.71538     0.1145      1.145     62.522 0.0000e+00
       6771  434110639 276.428693  -37.44922  -55.71568     64.000     7.6068   3.467520     2.7678     7.6085   3.467560 -9.990e-29 1.9970e-01      20.63    33.7005    33.6993    26.3112    26.3100     7.6007     7.6024     6.8854 -9.990e-29    6.71536     0.1162      1.162     63.514 0.0000e+00
       6797  434110640 276.428706  -37.44922  -55.71568     65.000     7.6067   3.467551     2.7674     7.6092   3.467667 -9.990e-29 2.1493e-01      19.63    33.7004    33.6993    26.3112    26.3099     7.6005     7.6030     6.8861 -9.990e-29    6.71537     0.1179      1.179     64.507 0.0000e+00
       6829  434110642 276.428721  -37.44922  -55.71569     66.000     7.6065   3.467584     2.7671     7.6086   3.467670 -9.990e-29 2.5355e-01      18.43    33.7005    33.6994    26.3113    26.3101     7.6002     7.6023     6.8867 -9.990e-29    6.71540     0.1196      1.196     65.499 0.0000e+00
       6921  434110646 276.428766  -37.44924  -55.71572     67.000     7.6050   3.467516     2.7664     7.6078   3.467673 -9.990e-29 2.4705e-01      17.38    33.7007    33.6997    26.3117    26.3105     7.5986     7.6014     6.8870 -9.990e-29    6.71562     0.1213      1.213     66.491 0.0000e+00
       6963  434110647 276.428785  -37.44924  -55.71572     68.000     7.6038   3.467457     2.7664     7.6062   3.467563 -9.990e-29 2.2479e-01      16.87    33.7008    33.6996    26.3120    26.3107     7.5973     7.5997     6.8892 -9.990e-29    6.71580     0.1230      1.230     67.483 0.0000e+00
       6990  434110648 276.428799  -37.44924  -55.71573     69.000     7.6038   3.467502     2.7665     7.6061   3.467603 -9.990e-29 2.2148e-01      16.23    33.7008    33.6997    26.3120    26.3108     7.5972     7.5995     6.8889 -9.990e-29    6.71580     0.1247      1.247     68.476 0.0000e+00
       7073  434110652 276.428839  -37.44924  -55.71576     70.000     7.6040   3.467568     2.7649     7.6070   3.467727 -9.990e-29 2.0431e-01      14.77    33.7008    33.6996    26.3120    26.3106     7.5973     7.6003     6.8820 -9.990e-29    6.71577     0.1265      1.265     69.468 0.0000e+00
       7145  434110655 276.428873  -37.44924  -55.71578     71.000     7.6045   3.467644     2.7632     7.6065   3.467712 -9.990e-29 1.9392e-01      13.71    33.7007    33.6995    26.3118    26.3106     7.5977     7.5997     6.8783 -9.990e-29    6.71570     0.1282      1.282     70.460 0.0000e+00
       7164  434110656 276.428883  -37.44924  -55.71578     72.000     7.6041   3.467665     2.7629     7.6066   3.467760 -9.990e-29 1.9342e-01      12.73    33.7008    33.6994    26.3120    26.3105     7.5972     7.5997     6.8807 -9.990e-29    6.71575     0.1299      1.299     71.452 0.0000e+00
       7184  434110656 276.428892  -37.44925  -55.71579     73.000     7.6017   3.467505     2.7629     7.6042   3.467622 -9.990e-29 1.9634e-01      11.96    33.7009    33.6998    26.3124    26.3112     7.5947     7.5972     6.8844 -9.990e-29    6.71611     0.1316      1.316     72.445 0.0000e+00
       7209  434110657 276.428904  -37.44926  -55.71580     74.000     7.5998   3.467393     2.7633     7.6023   3.467499 -9.990e-29 2.0313e-01      10.92    33.7011    33.6998    26.3129    26.3115     7.5927     7.5952     6.8884 -9.990e-29    6.71640     0.1333      1.333     73.437 0.0000e+00
       7398  434110666 276.428995  -37.44926  -55.71585     75.000     7.5996   3.467409     2.7628     7.6019   3.467499 -9.990e-29 2.2406e-01       9.46    33.7010    33.6997    26.3128    26.3115     7.5924     7.5947     6.8851 -9.990e-29    6.71643     0.1350      1.350     74.429 0.0000e+00
       8320  434110704 276.429440  -37.44931  -55.71612     76.000     7.6002   3.467469     2.7617     7.6021   3.467564 -9.990e-29 2.3675e-01       8.61    33.7006    33.6998    26.3124    26.3115     7.5929     7.5948     6.8820 -9.990e-29    6.71636     0.1367      1.367     75.421 0.0000e+00
       8647  434110718 276.429598  -37.44933  -55.71621     77.000     7.6005   3.467535     2.7618     7.6025   3.467633 -9.990e-29 2.3283e-01       7.48    33.7005    33.6996    26.3123    26.3114     7.5932     7.5952     6.8846 -9.990e-29    6.71632     0.1384      1.384     76.413 0.0000e+00
       9306  434110745 276.429916  -37.44938  -55.71643     78.000     7.6023   3.467747     2.7632     7.6038   3.467789 -9.990e-29 2.4333e-01       5.99    33.7006    33.6996    26.3121    26.3111     7.5949     7.5964     6.8927 -9.990e-29    6.71604     0.1402      1.402     77.406 0.0000e+00
