estaciones_CTD_tipo/d01.cnv
* Sea-Bird SBE 9 Data File:
* FileName = D:\STSF_PD201304\CTDDATA\001.hex
* Software Version Seasave V 7.20d
* Temperature SN = 5424
* Conductivity SN = 3932
* Number of Bytes Per Scan = 41
* Number of Voltage Words = 4
* Number of Scans Averaged by the Deck Unit = 1
* NMEA Latitude = 37 26.93 S
* NMEA Longitude = 055 42.82 W
* NMEA UTC (Time) = Oct 03 2013  10:12:37
** Ship: PD
** Station: 001
** Operator: Marcela
** Campaña STSF-PD201304
** El sensor de oxigeno secundario funciono mal (sin dato, valor= -9.990e-29). 
# nquan = 27
# nvalues = 77                          
# units = specified
# name 0 = scan: Scan Count
# name 1 = timeQ: Time, NMEA [seconds]
# name 2 = timeJ: Julian Days
# name 3 = latitude: Latitude [deg]
# name 4 = longitude: Longitude [deg]
# name 5 = prDM: Pressure, Digiquartz [db]
# name 6 = t090C: Temperature [ITS-90, deg C]
# name 7 = c0S/m: Conductivity [S/m]
# name 8 = sbeox0V: Oxygen raw, SBE 43 [V]
# name 9 = t190C: Temperature, 2 [ITS-90, deg C]
# name 10 = c1S/m: Conductivity, 2 [S/m]
# name 11 = sbeox1V: Oxygen raw, SBE 43, 2 [V]
# name 12 = flSP: Fluorescence, Seapoint
# name 13 = altM: Altimeter [m]
# name 14 = sal00: Salinity, Practical [PSU]
# name 15 = sal11: Salinity, Practical, 2 [PSU]
# name 16 = sigma-é00: Density [sigma-theta, kg/m^3]
# name 17 = sigma-é11: Density, 2 [sigma-theta, kg/m^3]
# name 18 = potemp090C: Potential Temperature [ITS-90, deg C]
# name 19 = potemp190C: Potential Temperature, 2 [ITS-90, deg C]
# name 20 = sbeox0ML/L: Oxygen, SBE 43 [ml/l], WS = 2
# name 21 = sbeox1ML/L: Oxygen, SBE 43, 2 [ml/l], WS = 2
# name 22 = oxsolML/L: Oxygen Saturation, Garcia & Gordon [ml/l]
# name 23 = dm: Dynamic Meters [10 J/kg]
# name 24 = gpa: Geopotential Anomaly [J/kg]
# name 25 = depSM: Depth [salt water, m], lat = -37.4488
# name 26 = flag: flag
# span 0 =       2880,       9306       
# span 1 =  434110477,  434110745       
# span 2 = 276.426817, 276.429916       
# span 3 =  -37.44938,  -37.44899       
# span 4 =  -55.71643,  -55.71455       
# span 5 =      2.000,     78.000       
# span 6 =     7.5996,     9.8866       
# span 7 =   3.467393,   3.662387       
# span 8 =     2.7358,     3.1025       
# span 9 =  -9.990e-29, -9.990e-29       
# span 10 =   3.467499,   3.662492      
# span 11 =     0.0000,     0.0000      
# span 12 = 1.8649e-01, 6.0964e+00      
# span 13 =       2.07,      71.29      
# span 14 =    33.6065,    33.7011      
# span 15 =    33.6059,    33.6998      
# span 16 =    25.8831,    26.3129      
# span 17 =    25.8823,    26.3115      
# span 18 =     7.5924,     9.8863      
# span 19 =     7.5947,     9.8879      
# span 20 =     6.6607,     7.4629      
# span 21 = -9.990e-29, -9.990e-29      
# span 22 =    6.38717,    6.71643      
# span 23 =     0.0000,     0.1402      
# span 24 =      0.000,      1.402      
# span 25 =      1.985,     77.406      
# span 26 = 0.0000e+00, 0.0000e+00      
# interval = decibars: 1                
# start_time = Oct 03 2013 10:12:37 [NMEA time, first data scan]
# bad_flag = -9.990e-29
*END*
       2880  434110477 276.426817  -37.44899  -55.71455      2.000     9.8858   3.662194     3.0938     9.8877   3.662312 -9.990e-29 4.9003e+00       2.07    33.6065    33.6059    25.8831    25.8823     9.8856     9.8875     7.3844 -9.990e-29    6.38730     0.0000      0.000      1.985 0.0000e+00
       3342  434110496 276.427039  -37.44903  -55.71467      3.000     9.8866   3.662346     3.0958     9.8882   3.662449 -9.990e-29 5.0685e+00       2.49    33.6068    33.6064    25.8832    25.8826     9.8863     9.8879     7.3915 -9.990e-29    6.38717     0.0021      0.021      2.978 0.0000e+00
       4005  434110524 276.427359  -37.44906  -55.71486      4.000     9.8847   3.662230     3.0961     9.8862   3.662320 -9.990e-29 5.1545e+00       3.03    33.6070    33.6065    25.8837    25.8830     9.8843     9.8858     7.3890 -9.990e-29    6.38743     0.0042      0.042      3.970 0.0000e+00
       4116  434110529 276.427413  -37.44906  -55.71489      5.000     9.8850   3.662301     3.0937     9.8853   3.662267 -9.990e-29 5.2464e+00       4.63    33.6070    33.6063    25.8836    25.8831     9.8844     9.8847     7.3806 -9.990e-29    6.38739     0.0063      0.063      4.963 0.0000e+00
       4148  434110530 276.427428  -37.44906  -55.71490      6.000     9.8853   3.662381     3.0925     9.8865   3.662450 -9.990e-29 5.3299e+00       5.12    33.6071    33.6066    25.8837    25.8831     9.8846     9.8858     7.3792 -9.990e-29    6.38734     0.0084      0.084      5.955 0.0000e+00
       4182  434110531 276.427445  -37.44907  -55.71492      7.000     9.8849   3.662387     3.0916     9.8866   3.662492 -9.990e-29 5.3751e+00       5.66    33.6070    33.6065    25.8837    25.8831     9.8841     9.8858     7.3802 -9.990e-29    6.38740     0.0105      0.105      6.948 0.0000e+00
       4217  434110533 276.427461  -37.44908  -55.71492      8.000     9.8840   3.662372     3.0915     9.8856   3.662445 -9.990e-29 5.4184e+00      12.51    33.6073    33.6065    25.8841    25.8832     9.8831     9.8847     7.3848 -9.990e-29    6.38752     0.0127      0.127      7.940 0.0000e+00
       4254  434110535 276.427479  -37.44908  -55.71493      9.000     9.8789   3.661954     3.0929     9.8804   3.662038 -9.990e-29 5.5506e+00      22.15    33.6073    33.6068    25.8850    25.8843     9.8779     9.8794     7.3985 -9.990e-29    6.38822     0.0148      0.148      8.933 0.0000e+00
       4295  434110536 276.427499  -37.44906  -55.71494     10.000     9.8007   3.655006     3.0971     9.8040   3.655328 -9.990e-29 5.7933e+00       8.16    33.6088    33.6090    25.8992    25.8988     9.7996     9.8029     7.4311 -9.990e-29    6.39907     0.0169      0.169      9.925 0.0000e+00
       4337  434110538 276.427519  -37.44908  -55.71496     11.000     9.7677   3.652187     3.1013     9.7872   3.653754 -9.990e-29 6.0267e+00       6.49    33.6103    33.6081    25.9059    25.9010     9.7665     9.7860     7.4428 -9.990e-29    6.40362     0.0190      0.190     10.918 0.0000e+00
       4385  434110540 276.427542  -37.44908  -55.71497     12.000     9.5665   3.634537     3.1025     9.5832   3.636060 -9.990e-29 6.0964e+00       6.97    33.6170    33.6170    25.9443    25.9416     9.5652     9.5819     7.4629 -9.990e-29    6.43159     0.0210      0.210     11.910 0.0000e+00
       4430  434110542 276.427564  -37.44908  -55.71498     13.000     9.5294   3.631327     3.0961     9.5309   3.631441 -9.990e-29 5.8542e+00      35.71    33.6183    33.6180    25.9514    25.9510     9.5280     9.5295     7.4214 -9.990e-29    6.43677     0.0231      0.231     12.903 0.0000e+00
       4466  434110543 276.427582  -37.44908  -55.71500     14.000     9.5062   3.629214     3.0830     9.5086   3.629412 -9.990e-29 5.6994e+00      71.29    33.6178    33.6176    25.9548    25.9543     9.5047     9.5071     7.3618 -9.990e-29    6.44007     0.0251      0.251     13.895 0.0000e+00
       4507  434110545 276.427601  -37.44908  -55.71502     15.000     9.3708   3.616951     3.0615     9.3801   3.618106 -9.990e-29 5.5211e+00      69.99    33.6180    33.6212    25.9770    25.9780     9.3692     9.3785     7.3025 -9.990e-29    6.45925     0.0271      0.271     14.888 0.0000e+00
       4543  434110547 276.427619  -37.44908  -55.71502     16.000     9.1888   3.601163     3.0392     9.1926   3.601645 -9.990e-29 5.3825e+00      68.41    33.6253    33.6268    26.0120    26.0125     9.1871     9.1909     7.2713 -9.990e-29    6.48489     0.0292      0.292     15.880 0.0000e+00
       4586  434110548 276.427639  -37.44909  -55.71504     17.000     9.1417   3.596853     3.0162     9.1455   3.597202 -9.990e-29 5.2985e+00      66.71    33.6245    33.6246    26.0189    26.0183     9.1399     9.1437     7.2355 -9.990e-29    6.49167     0.0311      0.311     16.873 0.0000e+00
       4666  434110552 276.427678  -37.44910  -55.71505     18.000     9.1185   3.594840     2.9865     9.1190   3.594849 -9.990e-29 4.9978e+00      65.60    33.6250    33.6247    26.0230    26.0227     9.1166     9.1171     7.1753 -9.990e-29    6.49498     0.0331      0.331     17.865 0.0000e+00
       4734  434110554 276.427711  -37.44910  -55.71507     19.000     9.0827   3.591722     2.9595     9.0820   3.591619 -9.990e-29 4.4564e+00      28.92    33.6259    33.6255    26.0294    26.0292     9.0807     9.0800     7.0833 -9.990e-29    6.50008     0.0351      0.351     18.858 0.0000e+00
       4807  434110558 276.427746  -37.44910  -55.71510     20.000     9.0412   3.588185     2.9151     9.0438   3.588477 -9.990e-29 3.2499e+00      32.75    33.6279    33.6285    26.0375    26.0376     9.0391     9.0417     6.9018 -9.990e-29    6.50597     0.0371      0.371     19.850 0.0000e+00
       4829  434110559 276.427757  -37.44910  -55.71511     21.000     8.7319   3.562756     2.8914     8.7447   3.564661 -9.990e-29 2.4461e+00      17.28    33.6547    33.6625    26.1070    26.1112     8.7297     8.7425     6.8647 -9.990e-29    6.54963     0.0390      0.390     20.843 0.0000e+00
       4854  434110560 276.427769  -37.44910  -55.71512     22.000     8.5510   3.549017     2.8660     8.5544   3.549456 -9.990e-29 1.6959e+00      25.93    33.6819    33.6833    26.1563    26.1568     8.5488     8.5522     6.8231 -9.990e-29    6.57493     0.0409      0.409     21.835 0.0000e+00
       4927  434110562 276.427804  -37.44910  -55.71514     23.000     8.4988   3.544909     2.8088     8.5039   3.545313 -9.990e-29 7.9875e-01      44.51    33.6880    33.6874    26.1690    26.1677     8.4965     8.5016     6.7295 -9.990e-29    6.58234     0.0427      0.427     22.828 0.0000e+00
       4975  434110564 276.427827  -37.44910  -55.71514     24.000     8.4640   3.542152     2.7836     8.4665   3.542365 -9.990e-29 5.3298e-01      59.89    33.6916    33.6915    26.1772    26.1767     8.4616     8.4641     6.7024 -9.990e-29    6.58730     0.0446      0.446     23.820 0.0000e+00
       5031  434110567 276.427854  -37.44911  -55.71517     25.000     8.4509   3.541150     2.7690     8.4535   3.541305 -9.990e-29 4.5166e-01      59.18    33.6931    33.6922    26.1803    26.1793     8.4484     8.4510     6.6889 -9.990e-29    6.58917     0.0464      0.464     24.813 0.0000e+00
       5095  434110570 276.427885  -37.44912  -55.71518     26.000     8.4422   3.540493     2.7583     8.4443   3.540602 -9.990e-29 4.0949e-01      58.81    33.6940    33.6931    26.1824    26.1814     8.4396     8.4417     6.6733 -9.990e-29    6.59041     0.0482      0.482     25.805 0.0000e+00
       5132  434110571 276.427903  -37.44912  -55.71520     27.000     8.4343   3.539853     2.7537     8.4364   3.539946 -9.990e-29 4.0797e-01      57.97    33.6943    33.6933    26.1838    26.1827     8.4316     8.4337     6.6646 -9.990e-29    6.59156     0.0500      0.500     26.798 0.0000e+00
       5163  434110572 276.427918  -37.44912  -55.71520     28.000     8.4290   3.539394     2.7503     8.4314   3.539560 -9.990e-29 4.1524e-01      56.61    33.6940    33.6935    26.1845    26.1837     8.4262     8.4286     6.6607 -9.990e-29    6.59236     0.0519      0.519     27.790 0.0000e+00
       5190  434110574 276.427931  -37.44912  -55.71521     29.000     8.4190   3.538529     2.7484     8.4211   3.538666 -9.990e-29 4.2278e-01      55.61    33.6940    33.6934    26.1859    26.1852     8.4161     8.4182     6.6643 -9.990e-29    6.59383     0.0537      0.537     28.782 0.0000e+00
       5237  434110575 276.427953  -37.44912  -55.71522     30.000     8.4045   3.537232     2.7473     8.4072   3.537378 -9.990e-29 4.3143e-01      54.28    33.6937    33.6926    26.1879    26.1867     8.4015     8.4042     6.6699 -9.990e-29    6.59599     0.0555      0.555     29.775 0.0000e+00
       5331  434110579 276.427999  -37.44912  -55.71524     31.000     8.3960   3.536485     2.7462     8.3983   3.536585 -9.990e-29 4.1798e-01      53.47    33.6934    33.6923    26.1890    26.1878     8.3929     8.3952     6.6717 -9.990e-29    6.59725     0.0573      0.573     30.767 0.0000e+00
       5352  434110580 276.428009  -37.44914  -55.71525     32.000     8.3856   3.535481     2.7466     8.3884   3.535688 -9.990e-29 4.1121e-01      23.52    33.6923    33.6918    26.1897    26.1889     8.3824     8.3852     6.6789 -9.990e-29    6.59884     0.0592      0.592     31.760 0.0000e+00
       5372  434110581 276.428019  -37.44914  -55.71526     33.000     8.3641   3.533481     2.7472     8.3669   3.533687 -9.990e-29 4.1069e-01      50.97    33.6912    33.6907    26.1921    26.1913     8.3608     8.3636     6.6869 -9.990e-29    6.60206     0.0610      0.610     32.752 0.0000e+00
       5422  434110583 276.428043  -37.44914  -55.71527     34.000     8.3481   3.532030     2.7483     8.3505   3.532174 -9.990e-29 4.1482e-01      50.86    33.6907    33.6899    26.1941    26.1932     8.3447     8.3471     6.6902 -9.990e-29    6.60445     0.0628      0.628     33.744 0.0000e+00
       5525  434110588 276.428092  -37.44914  -55.71531     35.000     8.3287   3.530253     2.7474     8.3309   3.530360 -9.990e-29 4.1002e-01      49.74    33.6899    33.6890    26.1965    26.1954     8.3252     8.3274     6.6776 -9.990e-29    6.60735     0.0646      0.646     34.737 0.0000e+00
       5546  434110588 276.428102  -37.44914  -55.71532     36.000     8.3127   3.528728     2.7454     8.3153   3.528943 -9.990e-29 4.1165e-01      49.22    33.6886    33.6884    26.1979    26.1974     8.3091     8.3117     6.6745 -9.990e-29    6.60978     0.0664      0.664     35.729 0.0000e+00
       5567  434110589 276.428112  -37.44914  -55.71532     37.000     8.2763   3.525225     2.7439     8.2790   3.525496 -9.990e-29 4.1295e-01      48.17    33.6858    33.6861    26.2012    26.2010     8.2726     8.2753     6.6772 -9.990e-29    6.61529     0.0683      0.683     36.722 0.0000e+00
       5587  434110590 276.428122  -37.44914  -55.71532     38.000     8.2630   3.524019     2.7425     8.2652   3.524120 -9.990e-29 4.1424e-01      47.26    33.6853    33.6843    26.2028    26.2017     8.2592     8.2614     6.6776 -9.990e-29    6.61729     0.0701      0.701     37.714 0.0000e+00
       5617  434110591 276.428136  -37.44916  -55.71534     39.000     8.2562   3.523418     2.7409     8.2585   3.523510 -9.990e-29 4.1968e-01      45.71    33.6850    33.6837    26.2036    26.2023     8.2523     8.2546     6.6769 -9.990e-29    6.61832     0.0719      0.719     38.706 0.0000e+00
       5727  434110596 276.428189  -37.44914  -55.71537     40.000     8.2513   3.523028     2.7371     8.2535   3.523127 -9.990e-29 4.3767e-01      44.61    33.6851    33.6840    26.2044    26.2032     8.2473     8.2495     6.6728 -9.990e-29    6.61904     0.0737      0.737     39.699 0.0000e+00
       5773  434110598 276.428212  -37.44915  -55.71538     41.000     8.2454   3.522549     2.7362     8.2478   3.522663 -9.990e-29 4.2256e-01      44.02    33.6852    33.6841    26.2054    26.2042     8.2413     8.2437     6.6728 -9.990e-29    6.61991     0.0755      0.755     40.691 0.0000e+00
       5805  434110599 276.428227  -37.44916  -55.71540     42.000     8.2386   3.521973     2.7358     8.2409   3.522079 -9.990e-29 4.1486e-01      43.14    33.6851    33.6840    26.2064    26.2052     8.2344     8.2367     6.6752 -9.990e-29    6.62093     0.0773      0.773     41.684 0.0000e+00
       5834  434110600 276.428241  -37.44916  -55.71540     43.000     8.2361   3.521799     2.7358     8.2385   3.521912 -9.990e-29 4.0309e-01      42.23    33.6852    33.6841    26.2068    26.2056     8.2318     8.2342     6.6773 -9.990e-29    6.62129     0.0791      0.791     42.676 0.0000e+00
       5863  434110601 276.428255  -37.44917  -55.71540     44.000     8.2291   3.521138     2.7359     8.2314   3.521275 -9.990e-29 3.9476e-01      40.99    33.6844    33.6836    26.2073    26.2063     8.2247     8.2270     6.6805 -9.990e-29    6.62237     0.0809      0.809     43.668 0.0000e+00
       5900  434110603 276.428273  -37.44918  -55.71542     45.000     8.1808   3.516115     2.7362     8.1831   3.516303 -9.990e-29 3.9685e-01      39.75    33.6768    33.6766    26.2086    26.2080     8.1763     8.1786     6.6907 -9.990e-29    6.62988     0.0827      0.827     44.661 0.0000e+00
       5974  434110606 276.428309  -37.44916  -55.71544     46.000     8.1454   3.512500     2.7367     8.1485   3.512713 -9.990e-29 4.1284e-01      37.93    33.6718    33.6711    26.2099    26.2089     8.1408     8.1439     6.6992 -9.990e-29    6.63538     0.0845      0.845     45.653 0.0000e+00
       6016  434110608 276.428329  -37.44916  -55.71544     47.000     8.1350   3.511481     2.7374     8.1374   3.511602 -9.990e-29 4.1953e-01      37.32    33.6705    33.6695    26.2104    26.2093     8.1303     8.1327     6.7053 -9.990e-29    6.63698     0.0863      0.863     46.645 0.0000e+00
       6056  434110609 276.428348  -37.44918  -55.71546     48.000     8.0929   3.507192     2.7386     8.0978   3.507718 -9.990e-29 4.2540e-01      36.59    33.6647    33.6656    26.2122    26.2122     8.0882     8.0931     6.7198 -9.990e-29    6.64352     0.0881      0.881     47.638 0.0000e+00
       6104  434110612 276.428371  -37.44918  -55.71548     49.000     8.0671   3.504918     2.7405     8.0694   3.505039 -9.990e-29 4.2224e-01      35.49    33.6648    33.6639    26.2161    26.2150     8.0623     8.0646     6.7301 -9.990e-29    6.64738     0.0900      0.900     48.630 0.0000e+00
       6160  434110614 276.428398  -37.44918  -55.71550     50.000     8.0591   3.504234     2.7425     8.0614   3.504341 -9.990e-29 4.0786e-01      34.87    33.6647    33.6636    26.2172    26.2160     8.0542     8.0565     6.7363 -9.990e-29    6.64858     0.0918      0.918     49.622 0.0000e+00
       6192  434110615 276.428414  -37.44918  -55.71550     51.000     8.0551   3.503920     2.7433     8.0574   3.504031 -9.990e-29 3.9335e-01      34.05    33.6647    33.6637    26.2178    26.2167     8.0501     8.0524     6.7379 -9.990e-29    6.64918     0.0935      0.935     50.615 0.0000e+00
       6229  434110617 276.428432  -37.44918  -55.71551     52.000     8.0540   3.503882     2.7436     8.0563   3.503986 -9.990e-29 3.7469e-01      32.86    33.6649    33.6638    26.2181    26.2169     8.0489     8.0512     6.7380 -9.990e-29    6.64934     0.0953      0.953     51.607 0.0000e+00
       6271  434110619 276.428452  -37.44918  -55.71552     53.000     8.0522   3.503771     2.7439     8.0545   3.503872 -9.990e-29 3.5586e-01      31.78    33.6650    33.6638    26.2185    26.2172     8.0470     8.0493     6.7427 -9.990e-29    6.64960     0.0971      0.971     52.599 0.0000e+00
       6305  434110620 276.428469  -37.44918  -55.71554     54.000     8.0079   3.500133     2.7453     8.0118   3.500482 -9.990e-29 3.4165e-01      30.82    33.6682    33.6682    26.2276    26.2270     8.0026     8.0065     6.7613 -9.990e-29    6.65610     0.0989      0.989     53.592 0.0000e+00
