estaciones_CTD_tipo/d02.cnv
* Sea-Bird SBE 9 Data File:
* FileName = D:\STSF_PD201304\CTDDATA\002.hex
* Software Version Seasave V 7.20d
* Temperature SN = 5424
* Conductivity SN = 3932
* Number of Bytes Per Scan = 41
* Number of Voltage Words = 4
* Number of Scans Averaged by the Deck Unit = 1
* NMEA Latitude = 37 31.05 S
* NMEA Longitude = 055 32.55 W
* NMEA UTC (Time) = Oct 03 2013  13:24:17
** Ship: PD
** Station: 002
** Operator: Priscila
** STSF_PD201304
** Pierna 1
** CTD japones
** El sensor de oxigeno secundario funciono mal (sin dato, valor= -9.990e-29). 
# nquan = 27
# nvalues = 77                          
# units = specified
# name 0 = scan: Scan Count
# name 1 = timeQ: Time, NMEA [seconds]
# name 2 = timeJ: Julian Days
# name 3 = latitude: Latitude [deg]
# name 4 = longitude: Longitude [deg]
# name 5 = prDM: Pressure, Digiquartz [db]
# name 6 = t090C: Temperature [ITS-90, deg C]
# name 7 = c0S/m: Conductivity [S/m]
# name 8 = sbeox0V: Oxygen raw, SBE 43 [V]
# name 9 = t190C: Temperature, 2 [ITS-90, deg C]
# name 10 = c1S/m: Conductivity, 2 [S/m]
# name 11 = sbeox1V: Oxygen raw, SBE 43, 2 [V]
# name 12 = flSP: Fluorescence, Seapoint
# name 13 = altM: Altimeter [m]
# name 14 = sal00: Salinity, Practical [PSU]
# name 15 = sal11: Salinity, Practical, 2 [PSU]
# name 16 = sigma-é00: Density [sigma-theta, kg/m^3]
# name 17 = sigma-é11: Density, 2 [sigma-theta, kg/m^3]
# name 18 = potemp090C: Potential Temperature [ITS-90, deg C]
# name 19 = potemp190C: Potential Temperature, 2 [ITS-90, deg C]
# name 20 = sbeox0ML/L: Oxygen, SBE 43 [ml/l], WS = 2
# name 21 = sbeox1ML/L: Oxygen, SBE 43, 2 [ml/l], WS = 2
# name 22 = oxsolML/L: Oxygen Saturation, Garcia & Gordon [ml/l]
# name 23 = dm: Dynamic Meters [10 J/kg]
# name 24 = gpa: Geopotential Anomaly [J/kg]
# name 25 = depSM: Depth [salt water, m], lat = -37.5175
# name 26 = flag: flag
# span 0 =       3669,      13398       
# span 1 =  434122010,  434122415       
# span 2 = 276.560299, 276.564991       
# span 3 =  -37.51849,  -37.51773       
# span 4 =  -55.54472,  -55.54305       
# span 5 =      3.000,     79.000       
# span 6 =     7.0832,     9.5678       
# span 7 =   3.432560,   3.629373       
# span 8 =     2.7429,     3.1086       
# span 9 =     7.0849,     9.5776       
# span 10 =   3.432737,   3.630075      
# span 11 = -9.990e-29, -9.990e-29      
# span 12 = 1.2106e-01, 2.5213e+00      
# span 13 =       2.17,      63.47      
# span 14 =    33.5635,    33.8268      
# span 15 =    33.5643,    33.8273      
# span 16 =    25.9046,    26.4842      
# span 17 =    25.9015,    26.4844      
# span 18 =     7.0760,     9.5675      
# span 19 =     7.0777,     9.5773      
# span 20 =     6.9039,     7.4848      
# span 21 = -9.990e-29, -9.990e-29      
# span 22 =    6.43349,    6.79041      
# span 23 =     0.0000,     0.1316      
# span 24 =      0.000,      1.316      
# span 25 =      2.978,     78.397      
# span 26 = 0.0000e+00, 0.0000e+00      
# interval = decibars: 1                
# start_time = Oct 03 2013 13:24:17 [NMEA time, first data scan]
# bad_flag = -9.990e-29
*END*
       3669  434122010 276.560299  -37.51773  -55.54305      3.000     9.5678   3.629373     3.1086     9.5776   3.630075 -9.990e-29 1.7137e+00       2.63    33.5667    33.5648    25.9046    25.9015     9.5675     9.5773     7.4848 -9.990e-29    6.43349     0.0000      0.000      2.978 0.0000e+00
       4173  434122031 276.560542  -37.51777  -55.54314      4.000     9.5586   3.628460     3.1082     9.5661   3.629081 -9.990e-29 1.5111e+00       2.98    33.5655    33.5649    25.9052    25.9035     9.5582     9.5657     7.4823 -9.990e-29    6.43484     0.0021      0.021      3.970 0.0000e+00
       4627  434122050 276.560761  -37.51780  -55.54322      5.000     9.5494   3.627547     3.1058     9.5546   3.628086 -9.990e-29 1.4490e+00       3.71    33.5642    33.5649    25.9057    25.9054     9.5489     9.5541     7.4731 -9.990e-29    6.43619     0.0042      0.042      4.963 0.0000e+00
       4703  434122053 276.560798  -37.51778  -55.54324      6.000     9.5380   3.626548     3.0986     9.5297   3.625806 -9.990e-29 1.6533e+00       4.87    33.5642    33.5643    25.9076    25.9090     9.5373     9.5290     7.4361 -9.990e-29    6.43780     0.0063      0.063      5.955 0.0000e+00
       4741  434122055 276.560816  -37.51779  -55.54324      7.000     9.5071   3.623717     3.0908     9.5294   3.625984 -9.990e-29 1.8170e+00       4.66    33.5635    33.5660    25.9121    25.9104     9.5063     9.5286     7.4065 -9.990e-29    6.44219     0.0083      0.083      6.948 0.0000e+00
       4765  434122056 276.560828  -37.51780  -55.54324      8.000     9.4454   3.618185     3.0838     9.4550   3.619308 -9.990e-29 1.9853e+00       3.86    33.5639    33.5664    25.9224    25.9229     9.4445     9.4541     7.3873 -9.990e-29    6.45091     0.0104      0.104      7.940 0.0000e+00
       4785  434122056 276.560837  -37.51780  -55.54324      9.000     9.3662   3.611068     3.0760     9.3688   3.611617 -9.990e-29 2.1715e+00       3.77    33.5642    33.5674    25.9356    25.9377     9.3652     9.3678     7.3680 -9.990e-29    6.46214     0.0125      0.125      8.933 0.0000e+00
       4809  434122057 276.560849  -37.51781  -55.54325     10.000     9.2665   3.602422     3.0649     9.2712   3.603096 -9.990e-29 2.3810e+00       5.39    33.5680    33.5705    25.9546    25.9558     9.2654     9.2701     7.3426 -9.990e-29    6.47619     0.0145      0.145      9.925 0.0000e+00
       4860  434122060 276.560873  -37.51781  -55.54326     11.000     9.1640   3.593806     3.0366     9.1694   3.594458 -9.990e-29 2.5213e+00      15.67    33.5746    33.5763    25.9762    25.9766     9.1628     9.1682     7.2647 -9.990e-29    6.49057     0.0166      0.166     10.918 0.0000e+00
       4917  434122062 276.560901  -37.51780  -55.54326     12.000     9.0198   3.582005     2.9990     9.0267   3.582688 -9.990e-29 2.1371e+00      36.43    33.5874    33.5880    26.0091    26.0085     9.0185     9.0254     7.1628 -9.990e-29    6.51076     0.0186      0.186     11.910 0.0000e+00
       4961  434122064 276.560922  -37.51780  -55.54326     13.000     8.8966   3.572493     2.9661     8.8988   3.572945 -9.990e-29 1.4978e+00      15.87    33.6041    33.6068    26.0416    26.0433     8.8952     8.8974     7.0869 -9.990e-29    6.52785     0.0206      0.206     12.903 0.0000e+00
       4998  434122065 276.560940  -37.51782  -55.54327     14.000     8.7642   3.562238     2.9397     8.7659   3.562622 -9.990e-29 1.0719e+00      63.47    33.6218    33.6242    26.0761    26.0777     8.7627     8.7644     7.0480 -9.990e-29    6.54632     0.0225      0.225     13.895 0.0000e+00
       5102  434122070 276.560990  -37.51782  -55.54330     15.000     8.5799   3.547542     2.8836     8.5833   3.548059 -9.990e-29 6.6230e-01       7.21    33.6421    33.6443    26.1205    26.1217     8.5784     8.5818     6.9467 -9.990e-29    6.57239     0.0244      0.244     14.888 0.0000e+00
       5141  434122071 276.561009  -37.51782  -55.54330     16.000     8.4373   3.535847     2.8658     8.4396   3.536355 -9.990e-29 5.2330e-01       5.01    33.6542    33.6574    26.1518    26.1539     8.4357     8.4380     6.9284 -9.990e-29    6.59284     0.0263      0.263     15.880 0.0000e+00
       5166  434122072 276.561021  -37.51782  -55.54330     17.000     8.2740   3.521117     2.8560     8.2775   3.521806 -9.990e-29 4.5461e-01       5.13    33.6538    33.6578    26.1762    26.1787     8.2723     8.2758     6.9317 -9.990e-29    6.61701     0.0281      0.281     16.873 0.0000e+00
       5198  434122074 276.561037  -37.51782  -55.54330     18.000     8.1290   3.508048     2.8440     8.1368   3.508964 -9.990e-29 3.9961e-01       5.17    33.6534    33.6557    26.1975    26.1981     8.1272     8.1350     6.9273 -9.990e-29    6.63862     0.0299      0.299     17.865 0.0000e+00
       5260  434122076 276.561066  -37.51782  -55.54331     19.000     7.9773   3.494397     2.8252     7.9849   3.495174 -9.990e-29 3.4867e-01       5.16    33.6530    33.6540    26.2196    26.2192     7.9754     7.9830     6.9140 -9.990e-29    6.66136     0.0317      0.317     18.858 0.0000e+00
       5315  434122079 276.561093  -37.51783  -55.54333     20.000     7.9014   3.487833     2.8133     7.9035   3.487945 -9.990e-29 3.1733e-01       4.89    33.6553    33.6545    26.2325    26.2316     7.8995     7.9016     6.9099 -9.990e-29    6.67268     0.0335      0.335     19.850 0.0000e+00
       5344  434122080 276.561107  -37.51784  -55.54334     21.000     7.8920   3.487287     2.8097     7.8947   3.487572 -9.990e-29 3.0483e-01       4.09    33.6580    33.6585    26.2361    26.2360     7.8900     7.8927     6.9087 -9.990e-29    6.67398     0.0353      0.353     20.843 0.0000e+00
       5394  434122082 276.561131  -37.51785  -55.54335     22.000     7.8781   3.486236     2.8053     7.8807   3.486429 -9.990e-29 3.0912e-01       5.04    33.6597    33.6592    26.2394    26.2387     7.8760     7.8786     6.9057 -9.990e-29    6.67600     0.0371      0.371     21.835 0.0000e+00
       5447  434122084 276.561156  -37.51784  -55.54336     23.000     7.8733   3.485974     2.8022     7.8764   3.486211 -9.990e-29 3.0796e-01      19.48    33.6610    33.6606    26.2412    26.2404     7.8711     7.8742     6.9039 -9.990e-29    6.67667     0.0389      0.389     22.828 0.0000e+00
       5481  434122085 276.561173  -37.51784  -55.54336     24.000     7.8688   3.485884     2.8013     7.8714   3.486102 -9.990e-29 2.9062e-01      13.57    33.6639    33.6638    26.2441    26.2436     7.8665     7.8691     6.9064 -9.990e-29    6.67722     0.0406      0.406     23.820 0.0000e+00
       5508  434122086 276.561186  -37.51784  -55.54336     25.000     7.8681   3.485975     2.8010     7.8704   3.486161 -9.990e-29 2.8041e-01      27.50    33.6651    33.6649    26.2452    26.2447     7.8657     7.8680     6.9076 -9.990e-29    6.67727     0.0424      0.424     24.812 0.0000e+00
       5528  434122087 276.561195  -37.51784  -55.54336     26.000     7.8670   3.485963     2.8008     7.8693   3.486141 -9.990e-29 2.7606e-01       5.24    33.6656    33.6652    26.2457    26.2451     7.8645     7.8668     6.9092 -9.990e-29    6.67742     0.0442      0.442     25.805 0.0000e+00
       5548  434122088 276.561205  -37.51785  -55.54336     27.000     7.8654   3.485894     2.8008     7.8678   3.486059 -9.990e-29 2.7463e-01       5.14    33.6659    33.6653    26.2462    26.2454     7.8628     7.8652     6.9109 -9.990e-29    6.67765     0.0459      0.459     26.797 0.0000e+00
       5649  434122092 276.561254  -37.51785  -55.54338     28.000     7.8615   3.485640     2.7991     7.8640   3.485809 -9.990e-29 2.8506e-01       4.10    33.6664    33.6658    26.2472    26.2464     7.8588     7.8613     6.9054 -9.990e-29    6.67821     0.0477      0.477     27.790 0.0000e+00
       5732  434122096 276.561294  -37.51784  -55.54340     29.000     7.8600   3.485607     2.7975     7.8622   3.485790 -9.990e-29 2.9270e-01       4.66    33.6671    33.6669    26.2479    26.2475     7.8572     7.8594     6.9062 -9.990e-29    6.67841     0.0495      0.495     28.782 0.0000e+00
       5747  434122097 276.561301  -37.51785  -55.54340     30.000     7.8580   3.485507     2.7981     7.8603   3.485677 -9.990e-29 2.9693e-01       4.94    33.6674    33.6670    26.2485    26.2479     7.8551     7.8574     6.9167 -9.990e-29    6.67870     0.0512      0.512     29.775 0.0000e+00
       5761  434122097 276.561308  -37.51786  -55.54340     31.000     7.8561   3.485477     2.7993     7.8586   3.485659 -9.990e-29 3.0558e-01       4.28    33.6685    33.6680    26.2496    26.2489     7.8531     7.8556     6.9281 -9.990e-29    6.67894     0.0530      0.530     30.767 0.0000e+00
       5775  434122098 276.561315  -37.51786  -55.54340     32.000     7.8515   3.485283     2.8009     7.8540   3.485439 -9.990e-29 3.0132e-01       4.70    33.6703    33.6696    26.2518    26.2509     7.8484     7.8509     6.9397 -9.990e-29    6.67955     0.0548      0.548     31.759 0.0000e+00
       5790  434122098 276.561322  -37.51787  -55.54340     33.000     7.8332   3.484136     2.8031     7.8365   3.484481 -9.990e-29 2.9705e-01       4.91    33.6752    33.6757    26.2583    26.2582     7.8300     7.8333     6.9522 -9.990e-29    6.68210     0.0565      0.565     32.752 0.0000e+00
       5864  434122101 276.561358  -37.51787  -55.54341     34.000     7.7402   3.476603     2.8083     7.7446   3.477149 -9.990e-29 2.7506e-01       5.03    33.6836    33.6852    26.2784    26.2790     7.7369     7.7413     6.9762 -9.990e-29    6.69581     0.0583      0.583     33.744 0.0000e+00
       5987  434122107 276.561417  -37.51786  -55.54344     35.000     7.7115   3.474343     2.8136     7.7214   3.475144 -9.990e-29 2.6849e-01       5.07    33.6866    33.6856    26.2849    26.2827     7.7081     7.7180     6.9848 -9.990e-29    6.70004     0.0600      0.600     34.737 0.0000e+00
       6009  434122107 276.561427  -37.51787  -55.54344     36.000     7.7081   3.474091     2.8143     7.7105   3.474264 -9.990e-29 2.6193e-01       5.11    33.6867    33.6862    26.2854    26.2847     7.7046     7.7070     6.9876 -9.990e-29    6.70055     0.0617      0.617     35.729 0.0000e+00
       6032  434122108 276.561438  -37.51788  -55.54344     37.000     7.7001   3.473526     2.8149     7.7027   3.473765 -9.990e-29 2.5812e-01       5.12    33.6878    33.6879    26.2875    26.2872     7.6966     7.6992     6.9911 -9.990e-29    6.70171     0.0635      0.635     36.721 0.0000e+00
       6054  434122109 276.561449  -37.51788  -55.54344     38.000     7.6897   3.472712     2.8154     7.6923   3.472928 -9.990e-29 2.5431e-01       5.12    33.6887    33.6885    26.2897    26.2892     7.6861     7.6887     6.9948 -9.990e-29    6.70326     0.0652      0.652     37.714 0.0000e+00
       6077  434122110 276.561460  -37.51790  -55.54344     39.000     7.6859   3.472461     2.8158     7.6889   3.472718 -9.990e-29 2.5050e-01       5.13    33.6891    33.6890    26.2906    26.2901     7.6822     7.6852     6.9970 -9.990e-29    6.70381     0.0669      0.669     38.706 0.0000e+00
       6189  434122115 276.561514  -37.51789  -55.54346     40.000     7.6730   3.471445     2.8136     7.6756   3.471641 -9.990e-29 2.0276e-01       5.15    33.6902    33.6898    26.2933    26.2926     7.6692     7.6718     6.9853 -9.990e-29    6.70573     0.0686      0.686     39.699 0.0000e+00
       6265  434122118 276.561551  -37.51788  -55.54348     41.000     7.6610   3.470452     2.8108     7.6639   3.470743 -9.990e-29 1.7803e-01       5.13    33.6906    33.6910    26.2954    26.2953     7.6571     7.6600     6.9759 -9.990e-29    6.70753     0.0704      0.704     40.691 0.0000e+00
       6285  434122119 276.561560  -37.51790  -55.54348     42.000     7.6449   3.469119     2.8097     7.6479   3.469421 -9.990e-29 1.5330e-01       4.75    33.6914    33.6917    26.2983    26.2982     7.6409     7.6439     6.9768 -9.990e-29    6.70995     0.0721      0.721     41.683 0.0000e+00
       6304  434122120 276.561570  -37.51790  -55.54348     43.000     7.6247   3.467463     2.8088     7.6273   3.467675 -9.990e-29 1.5095e-01       4.98    33.6926    33.6924    26.3022    26.3016     7.6206     7.6232     6.9783 -9.990e-29    6.71298     0.0738      0.738     42.676 0.0000e+00
       6325  434122121 276.561580  -37.51790  -55.54348     44.000     7.6163   3.466832     2.8077     7.6187   3.467023 -9.990e-29 1.4762e-01       5.10    33.6934    33.6932    26.3041    26.3035     7.6121     7.6145     6.9773 -9.990e-29    6.71422     0.0755      0.755     43.668 0.0000e+00
       6346  434122122 276.561590  -37.51790  -55.54349     45.000     7.6125   3.466597     2.8066     7.6148   3.466787 -9.990e-29 1.4113e-01       5.13    33.6941    33.6939    26.3051    26.3047     7.6082     7.6105     6.9750 -9.990e-29    6.71477     0.0772      0.772     44.660 0.0000e+00
       6413  434122124 276.561622  -37.51790  -55.54351     46.000     7.6084   3.466342     2.8024     7.6109   3.466537 -9.990e-29 1.3703e-01       5.14    33.6948    33.6945    26.3063    26.3057     7.6040     7.6065     6.9621 -9.990e-29    6.71536     0.0790      0.790     45.653 0.0000e+00
       6508  434122128 276.561668  -37.51790  -55.54352     47.000     7.6043   3.466111     2.7954     7.6067   3.466317 -9.990e-29 1.4884e-01       5.16    33.6958    33.6957    26.3077    26.3073     7.5998     7.6022     6.9380 -9.990e-29    6.71594     0.0807      0.807     46.645 0.0000e+00
       6532  434122129 276.561680  -37.51791  -55.54353     48.000     7.5702   3.463711     2.7929     7.5740   3.464263 -9.990e-29 1.4977e-01       5.14    33.7025    33.7048    26.3178    26.3191     7.5656     7.5694     6.9369 -9.990e-29    6.72085     0.0824      0.824     47.637 0.0000e+00
       6563  434122131 276.561694  -37.51792  -55.54354     49.000     7.5151   3.460380     2.7900     7.5184   3.460680 -9.990e-29 1.5070e-01       5.15    33.7195    33.7195    26.3390    26.3386     7.5105     7.5138     6.9380 -9.990e-29    6.72853     0.0841      0.841     48.630 0.0000e+00
       6598  434122132 276.561711  -37.51792  -55.54354     50.000     7.4717   3.457540     2.7867     7.4749   3.457874 -9.990e-29 1.3839e-01       5.15    33.7304    33.7309    26.3538    26.3538     7.4670     7.4702     6.9357 -9.990e-29    6.73469     0.0857      0.857     49.622 0.0000e+00
       6642  434122134 276.561733  -37.51792  -55.54354     51.000     7.4210   3.454312     2.7826     7.4237   3.454557 -9.990e-29 1.3129e-01       5.18    33.7443    33.7443    26.3719    26.3715     7.4162     7.4189     6.9345 -9.990e-29    6.74186     0.0874      0.874     50.614 0.0000e+00
       6687  434122136 276.561754  -37.51792  -55.54356     52.000     7.3861   3.452070     2.7794     7.3895   3.452381 -9.990e-29 1.2373e-01      25.86    33.7535    33.7535    26.3840    26.3836     7.3812     7.3846     6.9363 -9.990e-29    6.74681     0.0891      0.891     51.607 0.0000e+00
       6726  434122137 276.561773  -37.51792  -55.54356     53.000     7.3680   3.450984     2.7773     7.3708   3.451219 -9.990e-29 1.2106e-01      27.97    33.7588    33.7586    26.3908    26.3903     7.3630     7.3658     6.9342 -9.990e-29    6.74936     0.0907      0.907     52.599 0.0000e+00
       6780  434122140 276.561799  -37.51793  -55.54356     54.000     7.3561   3.450288     2.7746     7.3588   3.450503 -9.990e-29 1.2303e-01      26.99    33.7624    33.7621    26.3953    26.3947     7.3511     7.3538     6.9309 -9.990e-29    6.75103     0.0923      0.923     53.591 0.0000e+00
       6836  434122142 276.561826  -37.51793  -55.54358     55.000     7.3472   3.449792     2.7728     7.3497   3.449977 -9.990e-29 1.2619e-01      25.90    33.7652    33.7648    26.3987    26.3981     7.3421     7.3446     6.9299 -9.990e-29    6.75228     0.0940      0.940     54.584 0.0000e+00
