estaciones_CTD_tipo/d02.cnv
* Sea-Bird SBE 9 Data File:
* FileName = D:\STSF_PD201304\CTDDATA\002.hex
* Software Version Seasave V 7.20d
* Temperature SN = 5424
* Conductivity SN = 3932
* Number of Bytes Per Scan = 41
* Number of Voltage Words = 4
* Number of Scans Averaged by the Deck Unit = 1
* NMEA Latitude = 37 31.05 S
* NMEA Longitude = 055 32.55 W
* NMEA UTC (Time) = Oct 03 2013  13:24:17
** Ship: PD
** Station: 002
** Operator: Priscila
** STSF_PD201304
** Pierna 1
** CTD japones
** El sensor de oxigeno secundario funciono mal (sin dato, valor= -9.990e-29). 
# nquan = 27
# nvalues = 77                          
# units = specified
# name 0 = scan: Scan Count
# name 1 = timeQ: Time, NMEA [seconds]
# name 2 = timeJ: Julian Days
# name 3 = latitude: Latitude [deg]
# name 4 = longitude: Longitude [deg]
# name 5 = prDM: Pressure, Digiquartz [db]
# name 6 = t090C: Temperature [ITS-90, deg C]
# name 7 = c0S/m: Conductivity [S/m]
# name 8 = sbeox0V: Oxygen raw, SBE 43 [V]
# name 9 = t190C: Temperature, 2 [ITS-90, deg C]
# name 10 = c1S/m: Conductivity, 2 [S/m]
# name 11 = sbeox1V: Oxygen raw, SBE 43, 2 [V]
# name 12 = flSP: Fluorescence, Seapoint
# name 13 = altM: Altimeter [m]
# name 14 = sal00: Salinity, Practical [PSU]
# name 15 = sal11: Salinity, Practical, 2 [PSU]
# name 16 = sigma-é00: Density [sigma-theta, kg/m^3]
# name 17 = sigma-é11: Density, 2 [sigma-theta, kg/m^3]
# name 18 = potemp090C: Potential Temperature [ITS-90, deg C]
# name 19 = potemp190C: Potential Temperature, 2 [ITS-90, deg C]
# name 20 = sbeox0ML/L: Oxygen, SBE 43 [ml/l], WS = 2
# name 21 = sbeox1ML/L: Oxygen, SBE 43, 2 [ml/l], WS = 2
# name 22 = oxsolML/L: Oxygen Saturation, Garcia & Gordon [ml/l]
# name 23 = dm: Dynamic Meters [10 J/kg]
# name 24 = gpa: Geopotential Anomaly [J/kg]
# name 25 = depSM: Depth [salt water, m], lat = -37.5175
# name 26 = flag: flag
# span 0 =       3669,      13398       
# span 1 =  434122010,  434122415       
# span 2 = 276.560299, 276.564991       
# span 3 =  -37.51849,  -37.51773       
# span 4 =  -55.54472,  -55.54305       
# span 5 =      3.000,     79.000       
# span 6 =     7.0832,     9.5678       
# span 7 =   3.432560,   3.629373       
# span 8 =     2.7429,     3.1086       
# span 9 =     7.0849,     9.5776       
# span 10 =   3.432737,   3.630075      
# span 11 = -9.990e-29, -9.990e-29      
# span 12 = 1.2106e-01, 2.5213e+00      
# span 13 =       2.17,      63.47      
# span 14 =    33.5635,    33.8268      
# span 15 =    33.5643,    33.8273      
# span 16 =    25.9046,    26.4842      
# span 17 =    25.9015,    26.4844      
# span 18 =     7.0760,     9.5675      
# span 19 =     7.0777,     9.5773      
# span 20 =     6.9039,     7.4848      
# span 21 = -9.990e-29, -9.990e-29      
# span 22 =    6.43349,    6.79041      
# span 23 =     0.0000,     0.1316      
# span 24 =      0.000,      1.316      
# span 25 =      2.978,     78.397      
# span 26 = 0.0000e+00, 0.0000e+00      
# interval = decibars: 1                
# start_time = Oct 03 2013 13:24:17 [NMEA time, first data scan]
# bad_flag = -9.990e-29
*END*
[from data line 54]
       6918  434122145 276.561866  -37.51794  -55.54358     57.000     7.3198   3.448106     2.7697     7.3226   3.448362 -9.990e-29 1.3584e-01      24.78    33.7726    33.7727    26.4085    26.4081     7.3145     7.3173     6.9248 -9.990e-29    6.75617     0.0972      0.972     56.568 0.0000e+00
       6964  434122147 276.561888  -37.51794  -55.54359     58.000     7.2796   3.445463     2.7677     7.2835   3.445776 -9.990e-29 1.4677e-01      11.10    33.7826    33.7822    26.4220    26.4211     7.2742     7.2781     6.9249 -9.990e-29    6.76193     0.0988      0.988     57.560 0.0000e+00
       7013  434122149 276.561912  -37.51794  -55.54360     59.000     7.2521   3.443579     2.7652     7.2550   3.443886 -9.990e-29 1.6278e-01       3.59    33.7885    33.7890    26.4304    26.4304     7.2466     7.2495     6.9220 -9.990e-29    6.76592     0.1004      1.004     58.553 0.0000e+00
       7037  434122150 276.561923  -37.51794  -55.54361     60.000     7.2168   3.441235     2.7640     7.2195   3.441507 -9.990e-29 1.7567e-01       4.81    33.7970    33.7973    26.4420    26.4419     7.2112     7.2139     6.9281 -9.990e-29    6.77100     0.1020      1.020     59.545 0.0000e+00
       7078  434122152 276.561943  -37.51794  -55.54362     61.000     7.1947   3.439710     2.7629     7.2012   3.440236 -9.990e-29 1.9157e-01       4.87    33.8015    33.8008    26.4486    26.4472     7.1891     7.1956     6.9305 -9.990e-29    6.77423     0.1036      1.036     60.537 0.0000e+00
       7172  434122156 276.561988  -37.51796  -55.54362     62.000     7.1742   3.438370     2.7598     7.1751   3.438502 -9.990e-29 1.9612e-01       4.78    33.8064    33.8070    26.4554    26.4557     7.1685     7.1694     6.9216 -9.990e-29    6.77718     0.1052      1.052     61.529 0.0000e+00
       7196  434122157 276.562000  -37.51796  -55.54364     63.000     7.1584   3.437303     2.7587     7.1598   3.437461 -9.990e-29 2.0025e-01       4.34    33.8098    33.8101    26.4602    26.4603     7.1526     7.1540     6.9227 -9.990e-29    6.77948     0.1067      1.067     62.522 0.0000e+00
       7230  434122158 276.562016  -37.51796  -55.54365     64.000     7.1312   3.435461     2.7573     7.1340   3.435686 -9.990e-29 2.0902e-01       5.00    33.8158    33.8155    26.4687    26.4681     7.1253     7.1281     6.9248 -9.990e-29    6.78344     0.1083      1.083     63.514 0.0000e+00
       7327  434122162 276.562063  -37.51796  -55.54364     65.000     7.1235   3.434973     2.7544     7.1277   3.435294 -9.990e-29 2.1795e-01       5.17    33.8175    33.8169    26.4712    26.4701     7.1175     7.1217     6.9218 -9.990e-29    6.78456     0.1099      1.099     64.506 0.0000e+00
       7581  434122173 276.562185  -37.51799  -55.54369     66.000     7.1221   3.434927     2.7535     7.1240   3.435079 -9.990e-29 2.2133e-01       5.05    33.8179    33.8177    26.4717    26.4712     7.1160     7.1179     6.9221 -9.990e-29    6.78476     0.1114      1.114     65.498 0.0000e+00
       8873  434122227 276.562809  -37.51809  -55.54392     67.000     7.1236   3.435062     2.7513     7.1255   3.435244 -9.990e-29 2.2299e-01       5.13    33.8174    33.8175    26.4711    26.4709     7.1174     7.1193     6.9166 -9.990e-29    6.78454     0.1130      1.130     66.491 0.0000e+00
       9089  434122236 276.562913  -37.51808  -55.54396     68.000     7.1216   3.434952     2.7526     7.1247   3.435221 -9.990e-29 2.2209e-01       4.99    33.8177    33.8176    26.4716    26.4711     7.1154     7.1185     6.9231 -9.990e-29    6.78484     0.1145      1.145     67.483 0.0000e+00
       9168  434122239 276.562951  -37.51810  -55.54397     69.000     7.1069   3.433962     2.7513     7.1108   3.434287 -9.990e-29 2.2529e-01       5.08    33.8208    33.8205    26.4761    26.4753     7.1006     7.1045     6.9196 -9.990e-29    6.78699     0.1161      1.161     68.475 0.0000e+00
       9333  434122246 276.563030  -37.51811  -55.54400     70.000     7.0975   3.433369     2.7481     7.1004   3.433614 -9.990e-29 2.2929e-01       5.16    33.8230    33.8229    26.4791    26.4786     7.0911     7.0940     6.9138 -9.990e-29    6.78835     0.1177      1.177     69.467 0.0000e+00
       9360  434122247 276.563043  -37.51812  -55.54400     71.000     7.0961   3.433302     2.7481     7.0979   3.433495 -9.990e-29 2.2876e-01       4.99    33.8232    33.8235    26.4795    26.4795     7.0896     7.0914     6.9157 -9.990e-29    6.78856     0.1192      1.192     70.460 0.0000e+00
       9562  434122255 276.563141  -37.51814  -55.54404     72.000     7.0849   3.432607     2.7476     7.0863   3.432769 -9.990e-29 2.2172e-01       4.92    33.8261    33.8265    26.4833    26.4834     7.0783     7.0797     6.9175 -9.990e-29    6.79017     0.1208      1.208     71.452 0.0000e+00
       9605  434122257 276.563162  -37.51814  -55.54404     73.000     7.0836   3.432560     2.7476     7.0855   3.432737 -9.990e-29 2.2385e-01       5.07    33.8264    33.8264    26.4837    26.4835     7.0769     7.0788     6.9193 -9.990e-29    6.79036     0.1223      1.223     72.444 0.0000e+00
       9740  434122263 276.563227  -37.51816  -55.54407     74.000     7.0837   3.432603     2.7471     7.0858   3.432806 -9.990e-29 2.3120e-01       5.11    33.8262    33.8264    26.4836    26.4835     7.0769     7.0790     6.9193 -9.990e-29    6.79035     0.1239      1.239     73.436 0.0000e+00
       9941  434122271 276.563324  -37.51818  -55.54411     75.000     7.0847   3.432723     2.7463     7.0867   3.432919 -9.990e-29 2.3666e-01       5.10    33.8261    33.8263    26.4834    26.4832     7.0778     7.0798     6.9175 -9.990e-29    6.79021     0.1254      1.254     74.428 0.0000e+00
      10142  434122280 276.563421  -37.51818  -55.54414     76.000     7.0850   3.432800     2.7456     7.0869   3.432977 -9.990e-29 2.2919e-01       5.10    33.8261    33.8262    26.4834    26.4832     7.0780     7.0799     6.9154 -9.990e-29    6.79016     0.1270      1.270     75.421 0.0000e+00
      10271  434122285 276.563483  -37.51820  -55.54417     77.000     7.0844   3.432803     2.7459     7.0861   3.432982 -9.990e-29 2.3317e-01       4.36    33.8263    33.8266    26.4836    26.4836     7.0773     7.0790     6.9173 -9.990e-29    6.79024     0.1285      1.285     76.413 0.0000e+00
      10896  434122311 276.563784  -37.51826  -55.54428     78.000     7.0833   3.432796     2.7429     7.0852   3.432988 -9.990e-29 2.4371e-01       3.81    33.8268    33.8270    26.4842    26.4841     7.0762     7.0780     6.9098 -9.990e-29    6.79039     0.1301      1.301     77.405 0.0000e+00
      13398  434122415 276.564991  -37.51849  -55.54472     79.000     7.0832   3.432826     2.7438     7.0849   3.433031 -9.990e-29 2.3660e-01       2.17    33.8267    33.8273    26.4841    26.4844     7.0760     7.0777     6.9168 -9.990e-29    6.79041     0.1316      1.316     78.397 0.0000e+00
