estaciones_CTD_tipo/d040.cnv
* Sea-Bird SBE 9 Data File:
* FileName = D:\STSF_PD201304\CTDDATA\040.hex
* Software Version Seasave V 7.20d
* Temperature SN = 5424
* Conductivity SN = 3932
* Number of Bytes Per Scan = 41
* Number of Voltage Words = 4
* Number of Scans Averaged by the Deck Unit = 1
* NMEA Latitude = 33 43.35 S
* NMEA Longitude = 052 12.80 W
* NMEA UTC (Time) = Oct 08 2013  08:29:29
** Ship: PD
** Station: 040
** Operator: Priscila
** STSF_PD201304
** Pierna 5
** Con red
# nquan = 27
# nvalues = 68                          
# units = specified
# name 0 = scan: Scan Count
# name 1 = timeQ: Time, NMEA [seconds]
# name 2 = timeJ: Julian Days
# name 3 = latitude: Latitude [deg]
# name 4 = longitude: Longitude [deg]
# name 5 = prDM: Pressure, Digiquartz [db]
# name 6 = t090C: Temperature [ITS-90, deg C]
# name 7 = c0S/m: Conductivity [S/m]
# name 8 = sbeox0V: Oxygen raw, SBE 43 [V]
# name 9 = t190C: Temperature, 2 [ITS-90, deg C]
# name 10 = c1S/m: Conductivity, 2 [S/m]
# name 11 = sbeox1V: Oxygen raw, SBE 43, 2 [V]
# name 12 = flSP: Fluorescence, Seapoint
# name 13 = altM: Altimeter [m]
# name 14 = sal00: Salinity, Practical [PSU]
# name 15 = sal11: Salinity, Practical, 2 [PSU]
# name 16 = sigma-é00: Density [sigma-theta, kg/m^3]
# name 17 = sigma-é11: Density, 2 [sigma-theta, kg/m^3]
# name 18 = potemp090C: Potential Temperature [ITS-90, deg C]
# name 19 = potemp190C: Potential Temperature, 2 [ITS-90, deg C]
# name 20 = sbeox0ML/L: Oxygen, SBE 43 [ml/l], WS = 2
# name 21 = sbeox1ML/L: Oxygen, SBE 43, 2 [ml/l], WS = 2
# name 22 = oxsolML/L: Oxygen Saturation, Garcia & Gordon [ml/l]
# name 23 = dm: Dynamic Meters [10 J/kg]
# name 24 = gpa: Geopotential Anomaly [J/kg]
# name 25 = depSM: Depth [salt water, m], lat = -33.7225
# name 26 = flag: flag
# span 0 =       3721,       8563       
# span 1 =  434536324,  434536526       
# span 2 = 281.355613, 281.357949       
# span 3 =  -33.72256,  -33.72251       
# span 4 =  -52.21345,  -52.21335       
# span 5 =      2.000,     69.000       
# span 6 =    11.0117,    15.0189       
# span 7 =   3.483809,   3.775618       
# span 8 =     2.4803,     2.9721       
# span 9 =    11.0149,    14.9116       
# span 10 =   3.499192,   3.775650      
# span 11 =     2.2332,     2.5664      
# span 12 = 1.8005e-01, 3.2794e+00      
# span 13 =       2.12,     147.77      
# span 14 =    27.7336,    33.4875      
# span 15 =    27.9458,    33.4854      
# span 16 =    20.3742,    25.5597      
# span 17 =    20.5595,    25.5575      
# span 18 =    11.0065,    15.0186      
# span 19 =    11.0097,    14.9113      
# span 20 =     5.6018,     6.5729      
# span 21 =     5.6132,     6.5428      
# span 22 =    5.95036,    6.24548      
# span 23 =     0.0000,     0.2269      
# span 24 =      0.000,      2.269      
# span 25 =      1.986,     68.498      
# span 26 = 0.0000e+00, 0.0000e+00      
# interval = decibars: 1                
# start_time = Oct 08 2013 08:29:30 [NMEA time, first data scan]
# bad_flag = -9.990e-29
*END*
[from data line 54]
       6700  434536449 281.357050  -33.72255  -52.21342     56.000    11.1728   3.767813     2.4851    11.1761   3.767819     2.2385 2.4725e-01       5.53    33.4591    33.4562    25.5460    25.5431    11.1660    11.1693     5.6108     5.6281    6.21842     0.1952      1.952     55.594 0.0000e+00
       6745  434536450 281.357072  -33.72254  -52.21342     57.000    11.1795   3.768744     2.4839    11.1819   3.768665     2.2377 2.6686e-01       5.56    33.4618    33.4589    25.5469    25.5442    11.1726    11.1750     5.6078     5.6259    6.21743     0.1977      1.977     56.587 0.0000e+00
       6846  434536455 281.357120  -33.72254  -52.21342     58.000    11.1835   3.769400     2.4824    11.1864   3.769390     2.2367 2.7992e-01       5.59    33.4643    33.4615    25.5481    25.5454    11.1764    11.1793     5.6052     5.6235    6.21680     0.2001      2.001     57.579 0.0000e+00
       6919  434536458 281.357156  -33.72254  -52.21342     59.000    11.1879   3.770142     2.4816    11.1908   3.770132     2.2361 2.7818e-01       5.53    33.4672    33.4644    25.5496    25.5469    11.1807    11.1836     5.6042     5.6216    6.21611     0.2026      2.026     58.572 0.0000e+00
       7041  434536463 281.357215  -33.72254  -52.21342     60.000    11.1944   3.770989     2.4810    11.1988   3.771177     2.2356 2.7003e-01       5.56    33.4692    33.4671    25.5500    25.5476    11.1871    11.1915     5.6030     5.6210    6.21517     0.2050      2.050     59.565 0.0000e+00
       7156  434536468 281.357270  -33.72254  -52.21342     61.000    11.2067   3.772522     2.4806    11.2095   3.772513     2.2355 2.7115e-01       5.47    33.4727    33.4701    25.5506    25.5480    11.1993    11.2021     5.6018     5.6211    6.21340     0.2074      2.074     60.557 0.0000e+00
       7765  434536493 281.357564  -33.72254  -52.21342     62.000    11.2162   3.773812     2.4813    11.2078   3.772199     2.2354 2.5863e-01       5.58    33.4764    33.4681    25.5518    25.5468    11.2086    11.2002     5.6036     5.6206    6.21200     0.2099      2.099     61.550 0.0000e+00
       7874  434536498 281.357616  -33.72254  -52.21344     63.000    11.2196   3.774374     2.4812    11.2148   3.773255     2.2351 2.7988e-01       5.53    33.4784    33.4718    25.5527    25.5484    11.2119    11.2071     5.6019     5.6188    6.21147     0.2123      2.123     62.542 0.0000e+00
       7945  434536501 281.357650  -33.72254  -52.21344     64.000    11.2166   3.774447     2.4812    11.2214   3.774706     2.2350 2.6514e-01       5.58    33.4815    33.4797    25.5557    25.5534    11.2088    11.2136     5.6045     5.6186    6.21174     0.2147      2.147     63.535 0.0000e+00
       8134  434536508 281.357742  -33.72254  -52.21344     65.000    11.2153   3.774321     2.4824    11.2159   3.773873     2.2345 2.4456e-01       5.56    33.4810    33.4760    25.5555    25.5516    11.2074    11.2080     5.6069     5.6172    6.21194     0.2172      2.172     64.528 0.0000e+00
       8162  434536510 281.357755  -33.72254  -52.21344     66.000    11.2167   3.774860     2.4821    11.2192   3.774852     2.2344 2.3222e-01       5.56    33.4846    33.4822    25.5581    25.5558    11.2086    11.2111     5.6057     5.6177    6.21161     0.2196      2.196     65.520 0.0000e+00
       8302  434536515 281.357823  -33.72255  -52.21345     67.000    11.2171   3.774879     2.4814    11.2196   3.774812     2.2340 2.5398e-01       5.57    33.4840    33.4810    25.5576    25.5549    11.2089    11.2114     5.6050     5.6153    6.21158     0.2220      2.220     66.513 0.0000e+00
       8378  434536519 281.357859  -33.72255  -52.21345     68.000    11.2208   3.775618     2.4811    11.2235   3.775650     2.2335 2.3564e-01       5.56    33.4875    33.4854    25.5597    25.5575    11.2125    11.2152     5.6042     5.6132    6.21095     0.2245      2.245     67.505 0.0000e+00
       8563  434536526 281.357949  -33.72254  -52.21344     69.000    11.2195   3.775477     2.4803    11.2218   3.775478     2.2332 2.3252e-01       5.38    33.4868    33.4848    25.5594    25.5574    11.2111    11.2134     5.6036     5.6148    6.21115     0.2269      2.269     68.498 0.0000e+00
