estaciones_CTD_tipo/d040.cnv
* Sea-Bird SBE 9 Data File:
* FileName = D:\STSF_PD201304\CTDDATA\040.hex
* Software Version Seasave V 7.20d
* Temperature SN = 5424
* Conductivity SN = 3932
* Number of Bytes Per Scan = 41
* Number of Voltage Words = 4
* Number of Scans Averaged by the Deck Unit = 1
* NMEA Latitude = 33 43.35 S
* NMEA Longitude = 052 12.80 W
* NMEA UTC (Time) = Oct 08 2013  08:29:29
** Ship: PD
** Station: 040
** Operator: Priscila
** STSF_PD201304
** Pierna 5
** Con red
# nquan = 27
# nvalues = 68                          
# units = specified
# name 0 = scan: Scan Count
# name 1 = timeQ: Time, NMEA [seconds]
# name 2 = timeJ: Julian Days
# name 3 = latitude: Latitude [deg]
# name 4 = longitude: Longitude [deg]
# name 5 = prDM: Pressure, Digiquartz [db]
# name 6 = t090C: Temperature [ITS-90, deg C]
# name 7 = c0S/m: Conductivity [S/m]
# name 8 = sbeox0V: Oxygen raw, SBE 43 [V]
# name 9 = t190C: Temperature, 2 [ITS-90, deg C]
# name 10 = c1S/m: Conductivity, 2 [S/m]
# name 11 = sbeox1V: Oxygen raw, SBE 43, 2 [V]
# name 12 = flSP: Fluorescence, Seapoint
# name 13 = altM: Altimeter [m]
# name 14 = sal00: Salinity, Practical [PSU]
# name 15 = sal11: Salinity, Practical, 2 [PSU]
# name 16 = sigma-é00: Density [sigma-theta, kg/m^3]
# name 17 = sigma-é11: Density, 2 [sigma-theta, kg/m^3]
# name 18 = potemp090C: Potential Temperature [ITS-90, deg C]
# name 19 = potemp190C: Potential Temperature, 2 [ITS-90, deg C]
# name 20 = sbeox0ML/L: Oxygen, SBE 43 [ml/l], WS = 2
# name 21 = sbeox1ML/L: Oxygen, SBE 43, 2 [ml/l], WS = 2
# name 22 = oxsolML/L: Oxygen Saturation, Garcia & Gordon [ml/l]
# name 23 = dm: Dynamic Meters [10 J/kg]
# name 24 = gpa: Geopotential Anomaly [J/kg]
# name 25 = depSM: Depth [salt water, m], lat = -33.7225
# name 26 = flag: flag
# span 0 =       3721,       8563       
# span 1 =  434536324,  434536526       
# span 2 = 281.355613, 281.357949       
# span 3 =  -33.72256,  -33.72251       
# span 4 =  -52.21345,  -52.21335       
# span 5 =      2.000,     69.000       
# span 6 =    11.0117,    15.0189       
# span 7 =   3.483809,   3.775618       
# span 8 =     2.4803,     2.9721       
# span 9 =    11.0149,    14.9116       
# span 10 =   3.499192,   3.775650      
# span 11 =     2.2332,     2.5664      
# span 12 = 1.8005e-01, 3.2794e+00      
# span 13 =       2.12,     147.77      
# span 14 =    27.7336,    33.4875      
# span 15 =    27.9458,    33.4854      
# span 16 =    20.3742,    25.5597      
# span 17 =    20.5595,    25.5575      
# span 18 =    11.0065,    15.0186      
# span 19 =    11.0097,    14.9113      
# span 20 =     5.6018,     6.5729      
# span 21 =     5.6132,     6.5428      
# span 22 =    5.95036,    6.24548      
# span 23 =     0.0000,     0.2269      
# span 24 =      0.000,      2.269      
# span 25 =      1.986,     68.498      
# span 26 = 0.0000e+00, 0.0000e+00      
# interval = decibars: 1                
# start_time = Oct 08 2013 08:29:30 [NMEA time, first data scan]
# bad_flag = -9.990e-29
*END*
       3721  434536324 281.355613  -33.72251  -52.21335      2.000    15.0189   3.483809     2.9721    14.9116   3.499192     2.5664 3.2794e+00     147.77    27.7336    27.9458    20.3742    20.5595    15.0186    14.9113     6.5540     6.5428    5.95036     0.0000      0.000      1.986 0.0000e+00
       4274  434536348 281.355880  -33.72253  -52.21337      3.000    14.5737   3.550799     2.9585    14.5323   3.556753     2.5403 3.1487e+00      32.49    28.6501    28.7340    21.1706    21.2436    14.5733    14.5319     6.5264     6.5265    5.97051     0.0070      0.070      2.979 0.0000e+00
       4454  434536355 281.355967  -33.72254  -52.21338      4.000    14.3369   3.584820     2.9479    14.3199   3.586891     2.5443 2.9208e+00       2.12    29.1317    29.1632    21.5896    21.6173    14.3363    14.3193     6.5048     6.4710    5.98155     0.0134      0.134      3.972 0.0000e+00
       4517  434536358 281.355998  -33.72254  -52.21338      5.000    14.2486   3.595356     2.9349    14.2544   3.594897     2.5334 2.6723e+00       2.52    29.2932    29.2846    21.7319    21.7241    14.2479    14.2537     6.4688     6.4244    5.98635     0.0195      0.195      4.964 0.0000e+00
       4546  434536359 281.356011  -33.72254  -52.21338      6.000    14.0842   3.615745     2.9268    14.0802   3.616112     2.5268 2.5630e+00       3.97    29.6030    29.6094    22.0038    22.0096    14.0834    14.0794     6.4539     6.4041    5.99498     0.0255      0.255      5.957 0.0000e+00
       4572  434536360 281.356024  -33.72254  -52.21338      7.000    14.0491   3.619257     2.9187    14.0384   3.621142     2.5203 2.5070e+00       5.15    29.6616    29.6870    22.0561    22.0778    14.0481    14.0374     6.4363     6.3847    5.99711     0.0313      0.313      6.950 0.0000e+00
       4621  434536362 281.356048  -33.72254  -52.21338      8.000    13.7255   3.668934     2.9049    13.7792   3.659333     2.5107 2.4377e+00       5.51    30.3683    30.2376    22.6660    22.5544    13.7244    13.7781     6.4198     6.3741    6.01061     0.0367      0.367      7.943 0.0000e+00
       4687  434536365 281.356080  -33.72254  -52.21338      9.000    13.6499   3.688163     2.8873    13.6540   3.688524     2.5008 2.2191e+00       5.61    30.6051    30.6052    22.8639    22.8631    13.6487    13.6528     6.3829     6.3545    6.01110     0.0418      0.418      8.936 0.0000e+00
       4714  434536366 281.356092  -33.72254  -52.21338     10.000    13.5813   3.687105     2.8823    13.5842   3.687256     2.4983 2.1083e+00       5.59    30.6499    30.6490    22.9121    22.9108    13.5800    13.5829     6.3810     6.3540    6.01791     0.0468      0.468      9.929 0.0000e+00
       4770  434536368 281.356119  -33.72254  -52.21338     11.000    13.5488   3.686090     2.8680    13.5551   3.686421     2.4893 2.0296e+00       5.57    30.6662    30.6642    22.9311    22.9283    13.5473    13.5536     6.3353     6.3029    6.02132     0.0517      0.517     10.921 0.0000e+00
       4838  434536371 281.356152  -33.72254  -52.21338     12.000    13.3336   3.671462     2.8399    13.3390   3.672027     2.4699 1.9503e+00       5.56    30.7032    30.7041    23.0021    23.0017    13.3320    13.3374     6.2608     6.2185    6.04671     0.0566      0.566     11.914 0.0000e+00
       4887  434536373 281.356176  -33.72254  -52.21338     13.000    13.0836   3.660633     2.8065    13.0739   3.660313     2.4474 1.9226e+00       5.56    30.8040    30.8089    23.1287    23.1344    13.0819    13.0722     6.1851     6.1463    6.07426     0.0614      0.614     12.907 0.0000e+00
       4924  434536375 281.356194  -33.72254  -52.21338     14.000    12.7358   3.640325     2.7788    12.7236   3.639690     2.4299 1.9314e+00       5.56    30.8963    30.9003    23.2670    23.2724    12.7340    12.7218     6.1648     6.1386    6.11484     0.0661      0.661     13.900 0.0000e+00
       4959  434536376 281.356211  -33.72254  -52.21338     15.000    12.4033   3.625485     2.7588    12.4063   3.625561     2.4179 1.9500e+00       5.56    31.0288    31.0271    23.4324    23.4304    12.4014    12.4044     6.1809     6.1660    6.15241     0.0706      0.706     14.893 0.0000e+00
       4989  434536377 281.356225  -33.72254  -52.21338     16.000    12.3759   3.636018     2.7497    12.3787   3.635953     2.4127 1.9983e+00       5.56    31.1514    31.1484    23.5324    23.5296    12.3739    12.3767     6.1831     6.1772    6.15121     0.0750      0.750     15.886 0.0000e+00
       5025  434536379 281.356242  -33.72254  -52.21338     17.000    12.3406   3.640190     2.7473    12.3444   3.640175     2.4125 2.0761e+00       5.55    31.2200    31.2167    23.5923    23.5890    12.3384    12.3422     6.2135     6.2217    6.15312     0.0793      0.793     16.878 0.0000e+00
       5073  434536381 281.356266  -33.72254  -52.21339     18.000    12.4837   3.672633     2.7609    12.4889   3.672247     2.4228 2.1332e+00       5.55    31.4092    31.4012    23.7120    23.7048    12.4814    12.4866     6.2792     6.2923    6.12741     0.0835      0.835     17.871 0.0000e+00
       5107  434536382 281.356282  -33.72254  -52.21340     19.000    12.8411   3.731059     2.7835    12.8387   3.729461     2.4361 2.0464e+00       5.54    31.6633    31.6503    23.8406    23.8309    12.8386    12.8362     6.2987     6.2959    6.07222     0.0877      0.877     18.864 0.0000e+00
       5136  434536383 281.356296  -33.72254  -52.21340     20.000    12.9641   3.749923     2.8030    12.9653   3.749579     2.4468 1.9339e+00       5.53    31.7377    31.7335    23.8744    23.8709    12.9615    12.9627     6.3181     6.2990    6.05391     0.0917      0.917     19.857 0.0000e+00
       5170  434536385 281.356312  -33.72254  -52.21340     21.000    13.0506   3.767759     2.8196    13.0503   3.767165     2.4549 1.8015e+00       5.55    31.8326    31.8273    23.9310    23.9269    13.0478    13.0475     6.3152     6.2813    6.03949     0.0957      0.957     20.850 0.0000e+00
       5209  434536387 281.356331  -33.72254  -52.21340     22.000    12.7848   3.757633     2.8245    12.7920   3.757971     2.4565 1.7153e+00       5.52    31.9607    31.9578    24.0817    24.0781    12.7819    12.7891     6.3140     6.2733    6.06802     0.0996      0.996     21.842 0.0000e+00
       5269  434536389 281.356360  -33.72254  -52.21340     23.000    12.3827   3.729546     2.8088    12.3850   3.729752     2.4473 1.5591e+00       5.52    32.0350    32.0350    24.2161    24.2157    12.3798    12.3821     6.2933     6.2641    6.11629     0.1034      1.034     22.835 0.0000e+00
       5334  434536392 281.356391  -33.72254  -52.21340     24.000    12.1819   3.722312     2.7969    12.1833   3.722178     2.4407 1.2293e+00       5.56    32.1372    32.1347    24.3332    24.3310    12.1789    12.1803     6.3449     6.3193    6.13815     0.1070      1.070     23.828 0.0000e+00
       5366  434536393 281.356407  -33.72254  -52.21340     25.000    12.1421   3.735316     2.8110    12.1452   3.734882     2.4475 1.1559e+00       5.56    32.2961    32.2893    24.4639    24.4580    12.1389    12.1420     6.4374     6.3959    6.13714     0.1105      1.105     24.821 0.0000e+00
       5392  434536394 281.356419  -33.72256  -52.21340     26.000    12.1145   3.749016     2.8300    12.1212   3.749272     2.4570 1.1784e+00       5.56    32.4515    32.4482    24.5896    24.5858    12.1112    12.1179     6.5008     6.4476    6.13470     0.1139      1.139     25.813 0.0000e+00
       5458  434536397 281.356451  -33.72255  -52.21340     27.000    11.9731   3.740236     2.8651    11.9713   3.740323     2.4765 1.1870e+00       5.56    32.4894    32.4918    24.6454    24.6476    11.9697    11.9679     6.5672     6.5100    6.15150     0.1173      1.173     26.806 0.0000e+00
       5520  434536400 281.356481  -33.72255  -52.21340     28.000    11.9203   3.737959     2.8819    11.9234   3.738019     2.4879 1.2200e+00       5.56    32.5130    32.5109    24.6736    24.6713    11.9168    11.9199     6.5729     6.5212    6.15744     0.1205      1.205     27.799 0.0000e+00
       5547  434536401 281.356494  -33.72256  -52.21340     29.000    11.8707   3.736281     2.8805    11.8742   3.736352     2.4885 1.2942e+00       5.56    32.5397    32.5373    24.7035    24.7010    11.8671    11.8706     6.5605     6.5134    6.16284     0.1238      1.238     28.792 0.0000e+00
       5591  434536402 281.356515  -33.72255  -52.21340     30.000    11.7827   3.733939     2.8716    11.7853   3.734065     2.4853 1.3956e+00       5.57    32.5936    32.5925    24.7616    24.7603    11.7790    11.7816     6.5257     6.4853    6.17220     0.1270      1.270     29.784 0.0000e+00
       5646  434536405 281.356542  -33.72254  -52.21340     31.000    11.7232   3.732621     2.8502    11.7266   3.732728     2.4746 1.3213e+00       5.43    32.6326    32.6306    24.8029    24.8007    11.7193    11.7227     6.4391     6.4075    6.17845     0.1302      1.302     30.777 0.0000e+00
       5678  434536406 281.356557  -33.72254  -52.21340     32.000    11.6906   3.732840     2.8271    11.6948   3.732862     2.4618 1.2008e+00       5.40    32.6630    32.6595    24.8325    24.8290    11.6866    11.6908     6.3518     6.3281    6.18152     0.1333      1.333     31.770 0.0000e+00
       5715  434536408 281.356575  -33.72254  -52.21340     33.000    11.5101   3.725775     2.7925    11.5192   3.726194     2.4426 1.0610e+00       5.32    32.7529    32.7489    24.9353    24.9306    11.5060    11.5151     6.2647     6.2580    6.20168     0.1363      1.363     32.763 0.0000e+00
       5760  434536409 281.356597  -33.72254  -52.21340     34.000    11.4831   3.741821     2.7497    11.4863   3.741552     2.4181 7.6396e-01       5.56    32.9335    32.9280    25.0806    25.0758    11.4789    11.4821     6.1553     6.1599    6.19814     0.1393      1.393     33.755 0.0000e+00
       5807  434536411 281.356619  -33.72254  -52.21340     35.000    11.3299   3.732615     2.7087    11.3334   3.732857     2.3930 5.1786e-01       5.56    32.9794    32.9786    25.1441    25.1429    11.3256    11.3291     6.0804     6.0893    6.21655     0.1421      1.421     34.748 0.0000e+00
       5845  434536413 281.356638  -33.72254  -52.21340     36.000    11.2452   3.727960     2.6794    11.2484   3.727822     2.3741 4.2113e-01       5.56    33.0089    33.0047    25.1823    25.1785    11.2408    11.2440     6.0224     6.0335    6.22660     0.1449      1.449     35.741 0.0000e+00
       5874  434536414 281.356652  -33.72254  -52.21340     37.000    11.2475   3.734418     2.6578    11.2506   3.734350     2.3600 3.5828e-01       5.56    33.0701    33.0666    25.2295    25.2263    11.2430    11.2461     5.9646     5.9780    6.22388     0.1477      1.477     36.734 0.0000e+00
       5910  434536416 281.356669  -33.72254  -52.21340     38.000    11.1408   3.732593     2.6311    11.1467   3.732722     2.3426 3.1097e-01       5.56    33.1476    33.1435    25.3089    25.3047    11.1362    11.1421     5.9049     5.9233    6.23499     0.1504      1.504     37.726 0.0000e+00
       5959  434536418 281.356693  -33.72254  -52.21340     39.000    11.0662   3.732677     2.5952    11.0710   3.732575     2.3198 2.5802e-01       5.57    33.2153    33.2100    25.3750    25.3700    11.0615    11.0663     5.8207     5.8489    6.24224     0.1530      1.530     38.719 0.0000e+00
       6004  434536420 281.356715  -33.72254  -52.21340     40.000    11.0341   3.737493     2.5656    11.0377   3.737453     2.3011 2.1993e-01       5.56    33.2917    33.2880    25.4402    25.4367    11.0293    11.0329     5.7646     5.7985    6.24349     0.1556      1.556     39.712 0.0000e+00
       6050  434536422 281.356737  -33.72254  -52.21340     41.000    11.0205   3.738380     2.5440    11.0238   3.738404     2.2865 2.0387e-01       5.47    33.3124    33.3096    25.4587    25.4560    11.0156    11.0189     5.7341     5.7679    6.24449     0.1581      1.581     40.704 0.0000e+00
       6084  434536423 281.356753  -33.72254  -52.21340     42.000    11.0182   3.738201     2.5331    11.0216   3.738240     2.2786 1.9564e-01       5.39    33.3123    33.3096    25.4591    25.4564    11.0132    11.0166     5.7169     5.7518    6.24480     0.1607      1.607     41.697 0.0000e+00
       6118  434536424 281.356769  -33.72254  -52.21340     43.000    11.0117   3.738126     2.5243    11.0149   3.738092     2.2722 1.8461e-01       5.30    33.3170    33.3137    25.4639    25.4608    11.0065    11.0097     5.7036     5.7390    6.24548     0.1632      1.632     42.690 0.0000e+00
       6163  434536426 281.356791  -33.72254  -52.21341     44.000    11.0136   3.739426     2.5157    11.0164   3.739334     2.2658 1.8005e-01       5.51    33.3277    33.3243    25.4720    25.4688    11.0083    11.0111     5.6904     5.7247    6.24480     0.1657      1.657     43.682 0.0000e+00
       6210  434536428 281.356814  -33.72254  -52.21342     45.000    11.0327   3.743483     2.5094    11.0355   3.743382     2.2606 1.8543e-01       5.56    33.3502    33.3467    25.4861    25.4828    11.0273    11.0301     5.6764     5.7075    6.24136     0.1682      1.682     44.675 0.0000e+00
       6276  434536431 281.356846  -33.72254  -52.21342     46.000    11.0590   3.748391     2.5026    11.0601   3.747983     2.2545 1.9927e-01       5.31    33.3746    33.3695    25.5004    25.4962    11.0535    11.0546     5.6583     5.6854    6.23689     0.1707      1.707     45.668 0.0000e+00
       6309  434536432 281.356862  -33.72254  -52.21342     47.000    11.0874   3.753251     2.4996    11.0896   3.753011     2.2520 2.2232e-01       5.15    33.3965    33.3921    25.5124    25.5086    11.0817    11.0839     5.6471     5.6746    6.23224     0.1732      1.732     46.660 0.0000e+00
       6337  434536433 281.356875  -33.72254  -52.21342     48.000    11.1053   3.756234     2.4972    11.1094   3.756271     2.2502 2.5298e-01       5.46    33.4093    33.4060    25.5192    25.5158    11.0995    11.1036     5.6397     5.6669    6.22935     0.1756      1.756     47.653 0.0000e+00
       6384  434536435 281.356898  -33.72254  -52.21342     49.000    11.1214   3.758945     2.4935    11.1221   3.758469     2.2474 2.8399e-01       5.54    33.4211    33.4158    25.5255    25.5212    11.1155    11.1162     5.6292     5.6572    6.22674     0.1781      1.781     48.646 0.0000e+00
       6455  434536438 281.356932  -33.72254  -52.21342     50.000    11.1367   3.761743     2.4885    11.1392   3.761620     2.2440 2.7027e-01       5.56    33.4345    33.4310    25.5332    25.5300    11.1306    11.1331     5.6186     5.6465    6.22418     0.1805      1.805     49.638 0.0000e+00
       6485  434536440 281.356947  -33.72254  -52.21342     51.000    11.1402   3.762301     2.4877    11.1431   3.762243     2.2431 2.7660e-01       5.56    33.4364    33.4332    25.5341    25.5310    11.1340    11.1369     5.6204     5.6450    6.22364     0.1830      1.830     50.631 0.0000e+00
       6513  434536441 281.356960  -33.72254  -52.21342     52.000    11.1485   3.763444     2.4875    11.1519   3.763505     2.2423 2.7988e-01       5.56    33.4397    33.4373    25.5352    25.5326    11.1422    11.1456     5.6211     5.6424    6.22241     0.1854      1.854     51.624 0.0000e+00
       6576  434536444 281.356990  -33.72254  -52.21342     53.000    11.1626   3.765398     2.4872    11.1568   3.764101     2.2410 2.6659e-01       5.56    33.4458    33.4383    25.5374    25.5326    11.1562    11.1504     5.6183     5.6388    6.22030     0.1879      1.879     52.616 0.0000e+00
       6633  434536446 281.357018  -33.72254  -52.21342     54.000    11.1736   3.766864     2.4865    11.1766   3.766802     2.2399 2.4722e-01       5.37    33.4499    33.4466    25.5386    25.5355    11.1670    11.1700     5.6147     5.6324    6.21868     0.1903      1.903     53.609 0.0000e+00
