estaciones_CTD_tipo/d050.cnv
* Sea-Bird SBE 9 Data File:
* FileName = D:\STSF_PD201304\CTDDATA\050.hex
* Software Version Seasave V 7.20d
* Temperature SN = 5424
* Conductivity SN = 3932
* Number of Bytes Per Scan = 41
* Number of Voltage Words = 4
* Number of Scans Averaged by the Deck Unit = 1
* NMEA Latitude = 31 59.88 S
* NMEA Longitude = 050 19.88 W
* NMEA UTC (Time) = Oct 09 2013  20:50:10
** Ship: PD
** Station: 050
** Operator: Marcela
** STSF-PD201304
** Pierna 7 s/red
# nquan = 27
# nvalues = 115                         
# units = specified
# name 0 = scan: Scan Count
# name 1 = timeQ: Time, NMEA [seconds]
# name 2 = timeJ: Julian Days
# name 3 = latitude: Latitude [deg]
# name 4 = longitude: Longitude [deg]
# name 5 = prDM: Pressure, Digiquartz [db]
# name 6 = t090C: Temperature [ITS-90, deg C]
# name 7 = c0S/m: Conductivity [S/m]
# name 8 = sbeox0V: Oxygen raw, SBE 43 [V]
# name 9 = t190C: Temperature, 2 [ITS-90, deg C]
# name 10 = c1S/m: Conductivity, 2 [S/m]
# name 11 = sbeox1V: Oxygen raw, SBE 43, 2 [V]
# name 12 = flSP: Fluorescence, Seapoint
# name 13 = altM: Altimeter [m]
# name 14 = sal00: Salinity, Practical [PSU]
# name 15 = sal11: Salinity, Practical, 2 [PSU]
# name 16 = sigma-é00: Density [sigma-theta, kg/m^3]
# name 17 = sigma-é11: Density, 2 [sigma-theta, kg/m^3]
# name 18 = potemp090C: Potential Temperature [ITS-90, deg C]
# name 19 = potemp190C: Potential Temperature, 2 [ITS-90, deg C]
# name 20 = sbeox0ML/L: Oxygen, SBE 43 [ml/l], WS = 2
# name 21 = sbeox1ML/L: Oxygen, SBE 43, 2 [ml/l], WS = 2
# name 22 = oxsolML/L: Oxygen Saturation, Garcia & Gordon [ml/l]
# name 23 = dm: Dynamic Meters [10 J/kg]
# name 24 = gpa: Geopotential Anomaly [J/kg]
# name 25 = depSM: Depth [salt water, m], lat = -31.998
# name 26 = flag: flag
# span 0 =       2033,      10319       
# span 1 =  434667096,  434667441       
# span 2 = 282.869163, 282.873159       
# span 3 =  -32.00046,  -31.99841       
# span 4 =  -50.33271,  -50.33148       
# span 5 =      3.000,    117.000       
# span 6 =    16.3244,    20.1758       
# span 7 =   4.189452,   4.983942       
# span 8 =     2.2726,     2.8449       
# span 9 =    16.3256,    20.1768       
# span 10 =   4.190166,   4.983860      
# span 11 =     2.0893,     2.4881      
# span 12 = 3.0848e-02, 1.6143e+00      
# span 13 =       2.14,      99.33      
# span 14 =    32.2456,    36.4101      
# span 15 =    32.2446,    36.4086      
# span 16 =    23.0773,    26.2317      
# span 17 =    23.0767,    26.2287      
# span 18 =    16.3224,    20.1668      
# span 19 =    16.3236,    20.1678      
# span 20 =     4.4350,     5.7078      
# span 21 =     4.4522,     5.6854      
# span 22 =    5.11542,    5.61633      
# span 23 =     0.0000,     0.2810      
# span 24 =      0.000,      2.810      
# span 25 =      2.979,    116.152      
# span 26 = 0.0000e+00, 0.0000e+00      
# interval = decibars: 1                
# start_time = Oct 09 2013 20:50:11 [NMEA time, first data scan]
# bad_flag = -9.990e-29
*END*
       2033  434667096 282.869163  -31.99841  -50.33148      3.000    18.3553   4.298971     2.8442    18.3547   4.298789     2.4881 3.3334e-01       2.94    32.2456    32.2446    23.0773    23.0767    18.3548    18.3542     5.6737     5.6832    5.42395     0.0000      0.000      2.979 0.0000e+00
       2699  434667123 282.869484  -31.99855  -50.33156      4.000    18.3597   4.300079     2.8449    18.3594   4.299858     2.4849 3.2801e-01       3.18    32.2511    32.2495    23.0805    23.0793    18.3590    18.3587     5.6751     5.6818    5.42332     0.0048      0.048      3.972 0.0000e+00
       2937  434667133 282.869599  -31.99862  -50.33158      5.000    18.3641   4.301187     2.8448    18.3640   4.300927     2.4853 3.3173e-01       2.70    32.2566    32.2545    23.0836    23.0821    18.3632    18.3631     5.6749     5.6832    5.42269     0.0096      0.096      4.965 0.0000e+00
       3029  434667137 282.869643  -31.99862  -50.33160      6.000    18.3574   4.300247     2.8442    18.3584   4.300154     2.4855 3.1838e-01       2.14    32.2536    32.2521    23.0831    23.0816    18.3564    18.3574     5.6754     5.6854    5.42348     0.0143      0.143      5.958 0.0000e+00
       3114  434667141 282.869684  -31.99865  -50.33160      7.000    18.3548   4.300450     2.8442    18.3577   4.300196     2.4850 2.9469e-01      13.76    32.2570    32.2526    23.0863    23.0823    18.3536    18.3565     5.6752     5.6821    5.42363     0.0191      0.191      6.951 0.0000e+00
       3191  434667144 282.869721  -31.99867  -50.33161      8.000    18.3536   4.301075     2.8425    18.3540   4.301343     2.4827 2.5917e-01      95.91    32.2629    32.2648    23.0911    23.0925    18.3522    18.3526     5.6689     5.6697    5.42357     0.0239      0.239      7.944 0.0000e+00
       3290  434667148 282.869769  -31.99869  -50.33163      9.000    18.2894   4.315202     2.8325    18.2915   4.313911     2.4716 2.9865e-01      45.02    32.4316    32.4191    23.2359    23.2258    18.2879    18.2900     5.6380     5.6149    5.42467     0.0286      0.286      8.937 0.0000e+00
       3358  434667151 282.869802  -31.99870  -50.33164     10.000    18.1234   4.314721     2.8184    18.1233   4.314931     2.4560 3.6499e-01       5.79    32.5587    32.5606    23.3737    23.3751    18.1217    18.1216     5.6121     5.5610    5.43762     0.0332      0.332      9.930 0.0000e+00
       3411  434667153 282.869827  -31.99872  -50.33164     11.000    17.4182   4.257422     2.8055    17.4210   4.255778     2.4420 4.5024e-01       5.38    32.6359    32.6196    23.6024    23.5893    17.4164    17.4192     5.6589     5.6002    5.50874     0.0375      0.375     10.923 0.0000e+00
       3537  434667158 282.869888  -31.99875  -50.33166     12.000    16.8154   4.219397     2.7795    16.8170   4.219623     2.4239 1.0658e+00      61.86    32.7967    32.7973    23.8673    23.8675    16.8135    16.8151     5.6649     5.6180    5.56773     0.0417      0.417     11.916 0.0000e+00
       3575  434667160 282.869906  -31.99876  -50.33166     13.000    16.3244   4.189452     2.7746    16.3256   4.190166     2.4218 1.2434e+00      64.55    32.9383    32.9436    24.0892    24.0930    16.3224    16.3236     5.7078     5.6733    5.61633     0.0456      0.456     12.909 0.0000e+00
       3694  434667165 282.869964  -31.99878  -50.33168     14.000    16.3644   4.208224     2.7595    16.3613   4.207097     2.4235 1.5517e+00      52.55    33.0696    33.0623    24.1809    24.1760    16.3622    16.3591     5.6594     5.6773    5.60746     0.0494      0.494     13.902 0.0000e+00
       3763  434667168 282.869997  -31.99880  -50.33168     15.000    16.9456   4.313259     2.7412    16.9642   4.315822     2.4182 1.4496e+00       5.61    33.5031    33.5099    24.3790    24.3798    16.9432    16.9618     5.5276     5.5553    5.53000     0.0530      0.530     14.895 0.0000e+00
       3877  434667172 282.870052  -31.99883  -50.33171     16.000    17.1845   4.353786     2.7025    17.1866   4.353613     2.3953 1.3756e+00      69.50    33.6547    33.6515    24.4389    24.4359    17.1819    17.1840     5.3947     5.4236    5.49957     0.0566      0.566     15.888 0.0000e+00
       3926  434667174 282.870076  -31.99884  -50.33172     17.000    17.1677   4.364768     2.6786    17.1682   4.363705     2.3797 1.5027e+00       7.62    33.7634    33.7538    24.5263    24.5188    17.1649    17.1654     5.3258     5.3562    5.49773     0.0600      0.600     16.881 0.0000e+00
       3983  434667177 282.870103  -31.99885  -50.33173     18.000    17.3231   4.399048     2.6483    17.3238   4.398277     2.3595 1.5958e+00       5.33    33.9290    33.9217    24.6163    24.6106    17.3201    17.3208     5.2366     5.2661    5.47588     0.0634      0.634     17.874 0.0000e+00
       4079  434667181 282.870149  -31.99888  -50.33174     19.000    17.3518   4.407107     2.5990    17.3534   4.406764     2.3257 1.6143e+00       5.29    33.9740    33.9697    24.6440    24.6404    17.3487    17.3503     5.1111     5.1396    5.47138     0.0667      0.667     18.867 0.0000e+00
       4123  434667183 282.870171  -31.99890  -50.33174     20.000    17.3296   4.410746     2.5706    17.3289   4.410455     2.3071 1.5722e+00       5.30    34.0237    34.0218    24.6875    24.6862    17.3263    17.3256     5.0474     5.0792    5.47206     0.0699      0.699     19.860 0.0000e+00
       4247  434667188 282.870230  -31.99894  -50.33176     21.000    17.2814   4.411365     2.4971    17.2817   4.410991     2.2586 1.2543e+00       5.32    34.0693    34.0658    24.7340    24.7312    17.2779    17.2782     4.8844     4.9237    5.47561     0.0732      0.732     20.853 0.0000e+00
       4272  434667189 282.870243  -31.99894  -50.33174     22.000    17.3349   4.428953     2.4814    17.3352   4.428326     2.2485 1.1305e+00       5.31    34.1757    34.1700    24.8028    24.7984    17.3313    17.3316     4.8467     4.8871    5.46648     0.0764      0.764     21.846 0.0000e+00
       4324  434667191 282.870268  -31.99895  -50.33175     23.000    17.5069   4.462785     2.4606    17.5033   4.461003     2.2342 9.8998e-01       5.32    34.3216    34.3093    24.8734    24.8648    17.5031    17.4995     4.7968     4.8374    5.44374     0.0795      0.795     22.838 0.0000e+00
       4433  434667196 282.870320  -31.99898  -50.33178     24.000    17.7708   4.516797     2.4426    17.7682   4.514260     2.2202 7.9988e-01       5.29    34.5614    34.5419    24.9932    24.9789    17.7667    17.7641     4.7512     4.7921    5.40864     0.0825      0.825     23.831 0.0000e+00
       4458  434667197 282.870332  -31.99899  -50.33178     25.000    18.0226   4.560284     2.4404    18.0197   4.558546     2.2185 7.7782e-01       5.29    34.7189    34.7065    25.0522    25.0435    18.0183    18.0154     4.7162     4.7545    5.37779     0.0854      0.854     24.824 0.0000e+00
       4560  434667201 282.870382  -31.99902  -50.33179     26.000    18.2083   4.590724     2.4272    18.2074   4.589866     2.2089 6.9861e-01       5.38    34.8199    34.8133    25.0837    25.0789    18.2038    18.2029     4.6652     4.7006    5.35573     0.0883      0.883     25.817 0.0000e+00
       4591  434667202 282.870396  -31.99902  -50.33180     27.000    18.3066   4.606591     2.4245    18.3059   4.605821     2.2065 6.7768e-01       5.35    34.8707    34.8647    25.0982    25.0938    18.3019    18.3012     4.6545     4.6871    5.34419     0.0912      0.912     26.810 0.0000e+00
       4691  434667206 282.870445  -31.99905  -50.33182     28.000    18.3642   4.615595     2.4273    18.3600   4.614484     2.2064 6.2437e-01       5.35    34.8977    34.8918    25.1046    25.1011    18.3593    18.3551     4.6749     4.7068    5.33754     0.0940      0.940     27.803 0.0000e+00
       4724  434667208 282.870460  -31.99906  -50.33182     29.000    18.5636   4.651730     2.4338    18.5683   4.651887     2.2104 6.0933e-01       5.37    35.0334    35.0307    25.1585    25.1553    18.5585    18.5632     4.6709     4.7010    5.31329     0.0969      0.969     28.796 0.0000e+00
       4804  434667211 282.870499  -31.99908  -50.33182     30.000    18.7536   4.688425     2.4485    18.7450   4.685732     2.2203 5.1078e-01      68.26    35.1806    35.1652    25.2232    25.2137    18.7483    18.7397     4.6777     4.7089    5.28979     0.0997      0.997     29.789 0.0000e+00
       4869  434667214 282.870530  -31.99910  -50.33184     31.000    19.0930   4.750027     2.4517    19.0901   4.748921     2.2235 3.8861e-01      98.68    35.4076    35.4008    25.3103    25.3059    19.0875    19.0846     4.6345     4.6664    5.24937     0.1024      1.024     30.782 0.0000e+00
       4918  434667216 282.870554  -31.99912  -50.33184     32.000    19.2668   4.778107     2.4476    19.2609   4.776490     2.2219 2.9254e-01      89.09    35.4934    35.4849    25.3312    25.3263    19.2610    19.2551     4.6118     4.6462    5.22982     0.1050      1.050     31.775 0.0000e+00
       4968  434667218 282.870578  -31.99912  -50.33184     33.000    19.4731   4.814537     2.4502    19.4687   4.812993     2.2235 2.3802e-01      92.99    35.6200    35.6110    25.3746    25.3688    19.4671    19.4627     4.6059     4.6378    5.20601     0.1076      1.076     32.767 0.0000e+00
       5048  434667221 282.870617  -31.99914  -50.33186     34.000    19.5969   4.836680     2.4601    19.5950   4.835955     2.2290 2.0897e-01      75.53    35.6976    35.6932    25.4017    25.3988    19.5907    19.5888     4.6177     4.6446    5.19176     0.1102      1.102     33.760 0.0000e+00
       5083  434667223 282.870634  -31.99916  -50.33188     35.000    19.6393   4.845066     2.4628    19.6397   4.844683     2.2303 2.0020e-01      93.74    35.7305    35.7270    25.4157    25.4129    19.6329    19.6333     4.6145     4.6390    5.18670     0.1128      1.128     34.753 0.0000e+00
       5157  434667226 282.870669  -31.99918  -50.33188     36.000    19.6578   4.851906     2.4625    19.6587   4.851708     2.2296 1.8730e-01      57.07    35.7710    35.7686    25.4418    25.4398    19.6512    19.6521     4.6053     4.6275    5.18369     0.1154      1.154     35.746 0.0000e+00
       5200  434667227 282.870690  -31.99919  -50.33188     37.000    19.6731   4.858553     2.4601    19.6734   4.858316     2.2280 1.7487e-01      84.51    35.8125    35.8103    25.4696    25.4679    19.6663    19.6666     4.5961     4.6185    5.18095     0.1179      1.179     36.739 0.0000e+00
       5266  434667230 282.870722  -31.99921  -50.33190     38.000    19.6928   4.865436     2.4539    19.6938   4.865415     2.2241 1.5814e-01      98.73    35.8523    35.8513    25.4949    25.4938    19.6858    19.6868     4.5771     4.6000    5.17786     0.1204      1.204     37.732 0.0000e+00
       5304  434667232 282.870740  -31.99922  -50.33190     39.000    19.6893   4.870770     2.4496    19.6897   4.870346     2.2212 1.6029e-01      98.83    35.8991    35.8952    25.5316    25.5285    19.6822    19.6826     4.5673     4.5890    5.17675     0.1229      1.229     38.725 0.0000e+00
       5393  434667236 282.870783  -31.99923  -50.33191     40.000    19.7029   4.875416     2.4326    19.7031   4.875265     2.2089 1.8060e-01      94.82    35.9255    35.9241    25.5482    25.5471    19.6956    19.6958     4.5135     4.5291    5.17465     0.1253      1.253     39.717 0.0000e+00
       5445  434667238 282.870808  -31.99926  -50.33194     41.000    19.6722   4.876080     2.4134    19.6736   4.876015     2.1957 1.9057e-01      63.13    35.9570    35.9553    25.5804    25.5787    19.6647    19.6661     4.4588     4.4730    5.17660     0.1277      1.277     40.710 0.0000e+00
       5473  434667239 282.870822  -31.99926  -50.33194     42.000    19.5734   4.869163     2.3980    19.5756   4.869462     2.1857 1.9804e-01      84.48    35.9843    35.9849    25.6272    25.6271    19.5657    19.5679     4.4350     4.4522    5.18516     0.1301      1.301     41.703 0.0000e+00
       5555  434667242 282.870861  -31.99929  -50.33194     43.000    19.5295   4.869245     2.3862    19.5306   4.869023     2.1783 2.0495e-01      99.33    36.0225    36.0197    25.6679    25.6654    19.5217    19.5228     4.4596     4.4865    5.18818     0.1325      1.325     42.696 0.0000e+00
       5618  434667245 282.870892  -31.99930  -50.33196     44.000    19.8679   4.923779     2.4026    19.8275   4.918177     2.1882 2.0761e-01       7.28    36.1819    36.1705    25.7008    25.7027    19.8598    19.8194     4.5009     4.5264    5.15119     0.1348      1.348     43.689 0.0000e+00
       5641  434667246 282.870903  -31.99930  -50.33196     45.000    20.0517   4.960133     2.4177    20.0534   4.959813     2.1970 2.0499e-01       5.44    36.3226    36.3185    25.7595    25.7559    20.0433    20.0450     4.5100     4.5296    5.12965     0.1371      1.371     44.682 0.0000e+00
       5724  434667249 282.870943  -31.99933  -50.33197     46.000    20.1151   4.970733     2.4652    20.1172   4.970498     2.2271 1.9789e-01       5.34    36.3547    36.3510    25.7672    25.7638    20.1065    20.1086     4.6134     4.6270    5.12275     0.1393      1.393     45.674 0.0000e+00
       5780  434667252 282.870970  -31.99934  -50.33198     47.000    20.1732   4.982397     2.5018    20.1729   4.981946     2.2499 2.0158e-01       5.32    36.4000    36.3966    25.7863    25.7838    20.1644    20.1641     4.6912     4.6965    5.11596     0.1415      1.415     46.667 0.0000e+00
       5832  434667254 282.870995  -31.99936  -50.33199     48.000    20.1758   4.983942     2.5305    20.1768   4.983860     2.2678 1.8344e-01      40.13    36.4101    36.4086    25.7934    25.7919    20.1668    20.1678     4.7345     4.7354    5.11542     0.1437      1.437     47.660 0.0000e+00
       5907  434667257 282.871031  -31.99937  -50.33200     49.000    20.1454   4.980465     2.5553    20.1473   4.980628     2.2850 1.4781e-01      90.45    36.4074    36.4071    25.7995    25.7988    20.1362    20.1381     4.7733     4.7744    5.11833     0.1460      1.460     48.653 0.0000e+00
       5949  434667259 282.871051  -31.99938  -50.33200     50.000    20.0743   4.972365     2.5629    20.0768   4.972646     2.2906 1.3906e-01      87.93    36.4020    36.4021    25.8143    25.8138    20.0650    20.0675     4.7920     4.7936    5.12513     0.1482      1.482     49.646 0.0000e+00
       5999  434667261 282.871075  -31.99940  -50.33201     51.000    20.0217   4.966040     2.5683    20.0235   4.966171     2.2951 1.3486e-01      95.51    36.3950    36.3946    25.8231    25.8222    20.0122    20.0140     4.8054     4.8092    5.13026     0.1503      1.503     50.638 0.0000e+00
       6074  434667264 282.871112  -31.99942  -50.33202     52.000    19.9795   4.961149     2.5748    19.9795   4.961021     2.3001 1.2344e-01      92.33    36.3909    36.3898    25.8312    25.8304    19.9698    19.9698     4.8224     4.8265    5.13433     0.1525      1.525     51.631 0.0000e+00
       6143  434667267 282.871145  -31.99944  -50.33203     53.000    19.9492   4.957533     2.5797    19.9502   4.957548     2.3038 1.1851e-01      95.38    36.3870    36.3862    25.8363    25.8354    19.9394    19.9404     4.8383     4.8427    5.13729     0.1547      1.547     52.624 0.0000e+00
       6177  434667268 282.871161  -31.99944  -50.33204     54.000    19.9193   4.954325     2.5839    19.9200   4.954275     2.3063 1.3013e-01      80.78    36.3860    36.3850    25.8435    25.8426    19.9093    19.9100     4.8535     4.8566    5.14013     0.1569      1.569     53.617 0.0000e+00
       6219  434667270 282.871181  -31.99945  -50.33204     55.000    19.9112   4.953778     2.5899    19.9117   4.953688     2.3100 1.4736e-01      98.21    36.3882    36.3870    25.8473    25.8463    19.9010    19.9015     4.8683     4.8704    5.14083     0.1590      1.590     54.610 0.0000e+00
