estaciones_CTD_tipo/d050.cnv
* Sea-Bird SBE 9 Data File:
* FileName = D:\STSF_PD201304\CTDDATA\050.hex
* Software Version Seasave V 7.20d
* Temperature SN = 5424
* Conductivity SN = 3932
* Number of Bytes Per Scan = 41
* Number of Voltage Words = 4
* Number of Scans Averaged by the Deck Unit = 1
* NMEA Latitude = 31 59.88 S
* NMEA Longitude = 050 19.88 W
* NMEA UTC (Time) = Oct 09 2013  20:50:10
** Ship: PD
** Station: 050
** Operator: Marcela
** STSF-PD201304
** Pierna 7 s/red
# nquan = 27
# nvalues = 115                         
# units = specified
# name 0 = scan: Scan Count
# name 1 = timeQ: Time, NMEA [seconds]
# name 2 = timeJ: Julian Days
# name 3 = latitude: Latitude [deg]
# name 4 = longitude: Longitude [deg]
# name 5 = prDM: Pressure, Digiquartz [db]
# name 6 = t090C: Temperature [ITS-90, deg C]
# name 7 = c0S/m: Conductivity [S/m]
# name 8 = sbeox0V: Oxygen raw, SBE 43 [V]
# name 9 = t190C: Temperature, 2 [ITS-90, deg C]
# name 10 = c1S/m: Conductivity, 2 [S/m]
# name 11 = sbeox1V: Oxygen raw, SBE 43, 2 [V]
# name 12 = flSP: Fluorescence, Seapoint
# name 13 = altM: Altimeter [m]
# name 14 = sal00: Salinity, Practical [PSU]
# name 15 = sal11: Salinity, Practical, 2 [PSU]
# name 16 = sigma-é00: Density [sigma-theta, kg/m^3]
# name 17 = sigma-é11: Density, 2 [sigma-theta, kg/m^3]
# name 18 = potemp090C: Potential Temperature [ITS-90, deg C]
# name 19 = potemp190C: Potential Temperature, 2 [ITS-90, deg C]
# name 20 = sbeox0ML/L: Oxygen, SBE 43 [ml/l], WS = 2
# name 21 = sbeox1ML/L: Oxygen, SBE 43, 2 [ml/l], WS = 2
# name 22 = oxsolML/L: Oxygen Saturation, Garcia & Gordon [ml/l]
# name 23 = dm: Dynamic Meters [10 J/kg]
# name 24 = gpa: Geopotential Anomaly [J/kg]
# name 25 = depSM: Depth [salt water, m], lat = -31.998
# name 26 = flag: flag
# span 0 =       2033,      10319       
# span 1 =  434667096,  434667441       
# span 2 = 282.869163, 282.873159       
# span 3 =  -32.00046,  -31.99841       
# span 4 =  -50.33271,  -50.33148       
# span 5 =      3.000,    117.000       
# span 6 =    16.3244,    20.1758       
# span 7 =   4.189452,   4.983942       
# span 8 =     2.2726,     2.8449       
# span 9 =    16.3256,    20.1768       
# span 10 =   4.190166,   4.983860      
# span 11 =     2.0893,     2.4881      
# span 12 = 3.0848e-02, 1.6143e+00      
# span 13 =       2.14,      99.33      
# span 14 =    32.2456,    36.4101      
# span 15 =    32.2446,    36.4086      
# span 16 =    23.0773,    26.2317      
# span 17 =    23.0767,    26.2287      
# span 18 =    16.3224,    20.1668      
# span 19 =    16.3236,    20.1678      
# span 20 =     4.4350,     5.7078      
# span 21 =     4.4522,     5.6854      
# span 22 =    5.11542,    5.61633      
# span 23 =     0.0000,     0.2810      
# span 24 =      0.000,      2.810      
# span 25 =      2.979,    116.152      
# span 26 = 0.0000e+00, 0.0000e+00      
# interval = decibars: 1                
# start_time = Oct 09 2013 20:50:11 [NMEA time, first data scan]
# bad_flag = -9.990e-29
*END*
[from data line 54]
       6365  434667276 282.871252  -31.99948  -50.33208     57.000    19.8130   4.942516     2.6101    19.8147   4.942704     2.3222 1.6490e-01      88.00    36.3795    36.3796    25.8668    25.8664    19.8025    19.8042     4.9231     4.9191    5.15033     0.1634      1.634     56.595 0.0000e+00
       6390  434667277 282.871264  -31.99950  -50.33206     58.000    19.7908   4.939710     2.6132    19.7923   4.939794     2.3240 1.6026e-01      97.74    36.3752    36.3746    25.8694    25.8686    19.7801    19.7816     4.9283     4.9239    5.15255     0.1655      1.655     57.588 0.0000e+00
       6485  434667281 282.871310  -31.99952  -50.33208     59.000    19.7074   4.928785     2.6119    19.7112   4.929597     2.3233 1.6579e-01      51.68    36.3568    36.3602    25.8774    25.8790    19.6965    19.7003     4.9214     4.9160    5.16100     0.1676      1.676     58.581 0.0000e+00
       6523  434667283 282.871328  -31.99953  -50.33208     60.000    19.4886   4.901827     2.6088    19.4903   4.902061     2.3212 1.4503e-01      37.61    36.3228    36.3232    25.9088    25.9087    19.4776    19.4793     4.9369     4.9319    5.18283     0.1698      1.698     59.573 0.0000e+00
       6594  434667286 282.871362  -31.99955  -50.33210     61.000    19.4424   4.895836     2.6025    19.4457   4.896111     2.3174 1.1049e-01      78.62    36.3127    36.3121    25.9132    25.9119    19.4313    19.4346     4.9255     4.9225    5.18755     0.1719      1.719     60.566 0.0000e+00
       6643  434667288 282.871386  -31.99957  -50.33211     62.000    19.3991   4.890394     2.5958    19.4001   4.890345     2.3130 1.0688e-01      84.74    36.3047    36.3034    25.9184    25.9172    19.3878    19.3888     4.9110     4.9073    5.19193     0.1740      1.740     61.559 0.0000e+00
       6713  434667291 282.871420  -31.99958  -50.33212     63.000    19.3386   4.882587     2.5793    19.3396   4.882566     2.3026 9.6970e-02      73.68    36.2919    36.2909    25.9244    25.9233    19.3272    19.3282     4.8696     4.8680    5.19812     0.1761      1.761     62.552 0.0000e+00
       6748  434667292 282.871436  -31.99958  -50.33212     64.000    19.2238   4.867753     2.5675    19.2256   4.868209     2.2952 8.7967e-02      49.18    36.2676    36.2699    25.9357    25.9369    19.2122    19.2140     4.8556     4.8576    5.20990     0.1782      1.782     63.544 0.0000e+00
       6830  434667295 282.871476  -31.99961  -50.33213     65.000    19.1418   4.857782     2.5499    19.1425   4.857638     2.2852 6.7059e-02      90.04    36.2553    36.2535    25.9475    25.9460    19.1301    19.1308     4.8368     4.8471    5.21819     0.1802      1.802     64.537 0.0000e+00
       6895  434667298 282.871508  -31.99962  -50.33214     66.000    19.1444   4.858218     2.5416    19.1456   4.858135     2.2803 6.0708e-02      99.03    36.2563    36.2546    25.9477    25.9460    19.1325    19.1337     4.8270     4.8385    5.21791     0.1823      1.823     65.530 0.0000e+00
       6915  434667299 282.871517  -31.99964  -50.33214     67.000    19.1391   4.857595     2.5409    19.1404   4.857586     2.2795 6.5079e-02      81.42    36.2554    36.2542    25.9483    25.9471    19.1270    19.1283     4.8280     4.8380    5.21845     0.1844      1.844     66.522 0.0000e+00
       6962  434667301 282.871540  -31.99964  -50.33215     68.000    19.1085   4.853708     2.5396    19.1112   4.853909     2.2780 7.9511e-02      78.19    36.2491    36.2485    25.9515    25.9503    19.0963    19.0990     4.8297     4.8378    5.22160     0.1865      1.865     67.515 0.0000e+00
       7063  434667305 282.871589  -31.99966  -50.33218     69.000    19.0783   4.850008     2.5367    19.0807   4.850224     2.2751 1.1042e-01       5.90    36.2441    36.2438    25.9555    25.9547    19.0659    19.0683     4.8277     4.8353    5.22468     0.1885      1.885     68.508 0.0000e+00
       7093  434667306 282.871603  -31.99968  -50.33218     70.000    19.0468   4.846258     2.5366    19.0487   4.846340     2.2750 1.1252e-01      12.08    36.2398    36.2388    25.9603    25.9591    19.0342    19.0361     4.8313     4.8388    5.22786     0.1906      1.906     69.500 0.0000e+00
       7193  434667311 282.871651  -31.99970  -50.33219     71.000    19.0262   4.843753     2.5350    19.0284   4.843863     2.2736 9.9908e-02       7.81    36.2364    36.2354    25.9631    25.9617    19.0135    19.0157     4.8288     4.8323    5.22996     0.1926      1.926     70.493 0.0000e+00
       7213  434667311 282.871661  -31.99971  -50.33220     72.000    19.0091   4.841575     2.5344    19.0096   4.841435     2.2728 1.0058e-01       5.48    36.2326    36.2310    25.9647    25.9633    18.9962    18.9967     4.8274     4.8306    5.23174     0.1947      1.947     71.486 0.0000e+00
       7313  434667316 282.871709  -31.99974  -50.33222     73.000    18.9949   4.839674     2.5142    18.9969   4.839702     2.2588 9.8935e-02      23.06    36.2287    36.2272    25.9653    25.9637    18.9818    18.9838     4.7582     4.7557    5.23324     0.1968      1.968     72.479 0.0000e+00
       7357  434667317 282.871730  -31.99974  -50.33222     74.000    18.8592   4.822032     2.4961    18.8622   4.823008     2.2465 1.0467e-01       5.47    36.1985    36.2041    25.9771    25.9806    18.8460    18.8490     4.7183     4.7133    5.24739     0.1988      1.988     73.471 0.0000e+00
       7393  434667319 282.871748  -31.99975  -50.33221     75.000    18.5932   4.788351     2.4753    18.5854   4.787584     2.2325 1.0238e-01      18.56    36.1466    36.1470    26.0051    26.0073    18.5800    18.5722     4.6985     4.6959    5.27509     0.2009      2.009     74.464 0.0000e+00
       7494  434667323 282.871796  -31.99978  -50.33223     76.000    18.3272   4.754661     2.4324    18.3444   4.756914     2.2038 9.7761e-02      83.54    36.0937    36.0978    26.0317    26.0305    18.3139    18.3311     4.6431     4.6439    5.30309     0.2029      2.029     75.457 0.0000e+00
       7548  434667325 282.871822  -31.99980  -50.33226     77.000    18.2785   4.748844     2.4162    18.2812   4.749090     2.1923 1.1258e-01       3.52    36.0866    36.0863    26.0385    26.0376    18.2651    18.2678     4.6183     4.6186    5.30817     0.2049      2.049     76.449 0.0000e+00
       7563  434667326 282.871830  -31.99980  -50.33226     78.000    18.2589   4.746238     2.4127    18.2616   4.746616     2.1896 1.1851e-01       5.23    36.0812    36.0821    26.0393    26.0393    18.2453    18.2480     4.6151     4.6156    5.31029     0.2068      2.068     77.442 0.0000e+00
       7618  434667328 282.871856  -31.99981  -50.33226     79.000    18.1904   4.737316     2.4026    18.1956   4.737959     2.1821 1.2295e-01       5.25    36.0650    36.0659    26.0441    26.0435    18.1767    18.1819     4.6028     4.6023    5.31765     0.2088      2.088     78.435 0.0000e+00
       7710  434667332 282.871901  -31.99984  -50.33228     80.000    18.1093   4.726847     2.3870    18.1155   4.727785     2.1703 1.2780e-01       5.24    36.0465    36.0491    26.0502    26.0506    18.0954    18.1016     4.5778     4.5734    5.32635     0.2108      2.108     79.427 0.0000e+00
       7736  434667333 282.871913  -31.99984  -50.33228     81.000    18.0215   4.715687     2.3836    18.0259   4.716243     2.1674 1.3106e-01       5.11    36.0280    36.0289    26.0578    26.0574    18.0075    18.0119     4.5824     4.5774    5.33576     0.2128      2.128     80.420 0.0000e+00
       7792  434667336 282.871940  -31.99985  -50.33228     82.000    17.9018   4.700825     2.3803    17.9064   4.701163     2.1643 1.2541e-01      24.02    36.0057    36.0045    26.0704    26.0684    17.8877    17.8923     4.5943     4.5898    5.34854     0.2148      2.148     81.413 0.0000e+00
       7844  434667338 282.871965  -31.99987  -50.33229     83.000    17.8446   4.693675     2.3807    17.8464   4.693808     2.1641 1.1094e-01      16.42    35.9943    35.9939    26.0759    26.0751    17.8304    17.8322     4.6076     4.6043    5.35469     0.2167      2.167     82.405 0.0000e+00
       7867  434667339 282.871976  -31.99988  -50.33230     84.000    17.7983   4.688086     2.3823    17.8007   4.688188     2.1651 1.0450e-01      16.74    35.9868    35.9855    26.0815    26.0800    17.7839    17.7863     4.6161     4.6136    5.35963     0.2187      2.187     83.398 0.0000e+00
       7944  434667342 282.872013  -31.99989  -50.33231     85.000    17.7778   4.685654     2.3862    17.7804   4.685695     2.1676 8.7858e-02      42.85    35.9835    35.9816    26.0841    26.0820    17.7633    17.7659     4.6275     4.6234    5.36181     0.2206      2.206     84.390 0.0000e+00
       7997  434667344 282.872039  -31.99990  -50.33232     86.000    17.7376   4.680823     2.3891    17.7411   4.681106     2.1691 8.1484e-02       4.77    35.9771    35.9764    26.0891    26.0877    17.7229    17.7264     4.6391     4.6321    5.36610     0.2226      2.226     85.383 0.0000e+00
       8015  434667345 282.872048  -31.99992  -50.33232     87.000    17.7078   4.677183     2.3903    17.7110   4.677445     2.1697 8.0650e-02       5.24    35.9716    35.9711    26.0923    26.0911    17.6930    17.6962     4.6444     4.6375    5.36931     0.2245      2.245     86.376 0.0000e+00
       8048  434667346 282.872063  -31.99992  -50.33232     88.000    17.6525   4.670337     2.3912    17.6565   4.670651     2.1703 7.9534e-02      38.78    35.9611    35.9603    26.0978    26.0962    17.6375    17.6415     4.6502     4.6442    5.37528     0.2264      2.264     87.368 0.0000e+00
       8194  434667352 282.872134  -31.99996  -50.33238     89.000    17.6000   4.663706     2.3846    17.6063   4.664684     2.1671 7.6547e-02       4.85    35.9499    35.9528    26.1021    26.1028    17.5849    17.5912     4.6321     4.6241    5.38100     0.2284      2.284     88.361 0.0000e+00
       8207  434667353 282.872140  -31.99996  -50.33236     90.000    17.5335   4.655426     2.3837    17.5380   4.656021     2.1661 7.3544e-02       5.19    35.9368    35.9379    26.1083    26.1081    17.5183    17.5228     4.6365     4.6284    5.38823     0.2303      2.303     89.353 0.0000e+00
       8295  434667356 282.872182  -31.99998  -50.33237     91.000    17.4905   4.649987     2.3765    17.4934   4.650116     2.1614 6.6670e-02       5.27    35.9274    35.9259    26.1116    26.1098    17.4751    17.4780     4.6236     4.6201    5.39294     0.2322      2.322     90.346 0.0000e+00
       8366  434667359 282.872217  -32.00000  -50.33238     92.000    17.4585   4.646055     2.3706    17.4612   4.646100     2.1580 6.1177e-02      17.51    35.9213    35.9193    26.1147    26.1126    17.4430    17.4457     4.6148     4.6142    5.39642     0.2342      2.342     91.339 0.0000e+00
       8420  434667362 282.872243  -32.00001  -50.33238     93.000    17.4451   4.644451     2.3677    17.4467   4.644320     2.1562 5.8895e-02      30.24    35.9188    35.9163    26.1162    26.1138    17.4294    17.4310     4.6125     4.6122    5.39788     0.2361      2.361     92.331 0.0000e+00
       8507  434667365 282.872285  -32.00002  -50.33241     94.000    17.4294   4.642558     2.3648    17.4317   4.642493     2.1541 5.2213e-02      29.38    35.9160    35.9134    26.1178    26.1153    17.4136    17.4159     4.6096     4.6087    5.39958     0.2380      2.380     93.324 0.0000e+00
       8542  434667367 282.872302  -32.00004  -50.33242     95.000    17.4171   4.641108     2.3641    17.4189   4.640979     2.1534 4.9455e-02      29.18    35.9139    35.9112    26.1193    26.1168    17.4011    17.4029     4.6101     4.6084    5.40092     0.2399      2.399     94.316 0.0000e+00
       8593  434667369 282.872326  -32.00006  -50.33241     96.000    17.4164   4.641067     2.3628    17.4186   4.640978     2.1527 4.9111e-02      27.97    35.9138    35.9111    26.1194    26.1168    17.4002    17.4024     4.6075     4.6072    5.40099     0.2418      2.418     95.309 0.0000e+00
       8671  434667372 282.872364  -32.00006  -50.33244     97.000    17.4160   4.641082     2.3611    17.4183   4.640979     2.1518 4.6241e-02      26.94    35.9139    35.9109    26.1196    26.1168    17.3997    17.4020     4.6056     4.6061    5.40103     0.2438      2.438     96.302 0.0000e+00
       8703  434667374 282.872380  -32.00008  -50.33244     98.000    17.4174   4.641304     2.3612    17.4195   4.641183     2.1517 4.7937e-02      25.66    35.9142    35.9113    26.1195    26.1168    17.4009    17.4030     4.6065     4.6064    5.40088     0.2457      2.457     97.294 0.0000e+00
       8769  434667376 282.872411  -32.00010  -50.33244     99.000    17.4141   4.640975     2.3616    17.4163   4.640887     2.1514 4.7009e-02      24.36    35.9139    35.9111    26.1201    26.1175    17.3974    17.3996     4.6085     4.6057    5.40123     0.2476      2.476     98.287 0.0000e+00
       8854  434667380 282.872452  -32.00012  -50.33246    100.000    17.4017   4.639409     2.3574    17.4038   4.639358     2.1482 4.4707e-02      23.33    35.9109    35.9086    26.1209    26.1186    17.3849    17.3870     4.5920     4.5866    5.40260     0.2495      2.495     99.279 0.0000e+00
       8919  434667383 282.872484  -32.00014  -50.33249    101.000    17.3334   4.630603     2.3499    17.3371   4.631355     2.1428 3.9678e-02      22.71    35.8946    35.8978    26.1250    26.1266    17.3164    17.3201     4.5714     4.5629    5.41017     0.2514      2.514    100.272 0.0000e+00
       8939  434667383 282.872493  -32.00014  -50.33250    102.000    17.2508   4.620745     2.3457    17.2563   4.621557     2.1399 3.6528e-02      22.09    35.8818    35.8840    26.1351    26.1355    17.2337    17.2392     4.5713     4.5628    5.41912     0.2533      2.533    101.264 0.0000e+00
       8961  434667384 282.872504  -32.00014  -50.33248    103.000    17.0884   4.600958     2.3416    17.0951   4.602053     2.1370 3.4882e-02      21.03    35.8532    35.8568    26.1523    26.1534    17.0713    17.0780     4.5801     4.5724    5.43691     0.2552      2.552    102.257 0.0000e+00
       9080  434667389 282.872561  -32.00017  -50.33253    104.000    16.9797   4.587963     2.3256    16.9859   4.588724     2.1254 3.5280e-02       7.78    35.8359    35.8370    26.1650    26.1644    16.9625    16.9687     4.5566     4.5469    5.44882     0.2571      2.571    103.249 0.0000e+00
       9117  434667391 282.872579  -32.00018  -50.33253    105.000    16.8732   4.574923     2.3210    16.8812   4.576183     2.1220 3.6218e-02       5.28    35.8161    35.8200    26.1752    26.1763    16.8559    16.8639     4.5574     4.5470    5.46063     0.2590      2.590    104.242 0.0000e+00
       9148  434667392 282.872594  -32.00018  -50.33252    106.000    16.8318   4.570076     2.3175    16.8354   4.570279     2.1194 3.6096e-02       5.28    35.8101    35.8086    26.1805    26.1785    16.8144    16.8180     4.5550     4.5450    5.46517     0.2609      2.609    105.234 0.0000e+00
       9277  434667398 282.872656  -32.00022  -50.33256    107.000    16.7871   4.564574     2.3021    16.7973   4.565971     2.1080 3.0848e-02       9.55    35.8012    35.8044    26.1843    26.1843    16.7695    16.7797     4.5221     4.5068    5.47017     0.2627      2.627    106.227 0.0000e+00
       9292  434667398 282.872664  -32.00022  -50.33256    108.000    16.6299   4.545664     2.3003    16.6421   4.547622     2.1066 3.1246e-02      14.71    35.7747    35.7810    26.2011    26.2031    16.6123    16.6245     4.5339     4.5196    5.48765     0.2646      2.646    107.219 0.0000e+00
       9412  434667403 282.872721  -32.00026  -50.33258    109.000    16.5190   4.532516     2.2879    16.5267   4.533267     2.0977 3.1777e-02       4.80    35.7574    35.7571    26.2139    26.2119    16.5013    16.5090     4.5188     4.5047    5.49999     0.2664      2.664    108.212 0.0000e+00
