estaciones_CTD_tipo/u035.cnv
* Sea-Bird SBE 9 Data File:
* FileName = D:\MALVINAS_CASSIS_2017\CTD_Data\035.hex
* Software Version Seasave V 7.23.2
* Temperature SN = 4727
* Conductivity SN = 3330
* Number of Bytes Per Scan = 23
* Number of Voltage Words = 0
* Number of Scans Averaged by the Deck Unit = 1
* NMEA Latitude = 44 43.75 S
* NMEA Longitude = 059 07.46 W
* NMEA UTC (Time) = Jun 11 2017  16:52:44
** Ship: PD
** Station: 035
** Operator:
** CTD Inidep s/botellas c/LADCP
** Nueva end termination
** La estacion se realizo con el cable de la bomba desconectado. 
** Datos muy ruidosos, mas durante el descenso, se procesa el ascenso
** Los valores malos de T y C fueron editados, interpolados  y luego 
** las variabes oceanograficas re-calculadas en esos niveles interpolados
** Datos cuestionables.
# nquan = 16
# nvalues = 603                         
# units = specified
# name 0 = scan: Scan Count
# name 1 = timeQ: Time, NMEA [seconds]
# name 2 = timeJ: Julian Days
# name 3 = latitude: Latitude [deg]
# name 4 = longitude: Longitude [deg]
# name 5 = prDM: Pressure, Digiquartz [db]
# name 6 = t090C: Temperature [ITS-90, deg C]
# name 7 = c0S/m: Conductivity [S/m]
# name 8 = sal00: Salinity, Practical [PSU]
# name 9 = sigma-é00: Density [sigma-theta, kg/m^3]
# name 10 = potemp090C: Potential Temperature [ITS-90, deg C]
# name 11 = oxsolML/L: Oxygen Saturation, Garcia & Gordon [ml/l]
# name 12 = dm: Dynamic Meters [10 J/kg]
# name 13 = gpa: Geopotential Anomaly [J/kg]
# name 14 = depSM: Depth [salt water, m], lat = -44.7292
# name 15 = flag: flag
# span 0 =      17971,      34411       
# span 1 =  550516293,  550539285       
# span 2 = 162.711965, 162.719893       
# span 3 =  -44.72814,  -44.72554       
# span 4 =  -59.12571,  -59.12258       
# span 5 =      1.000,    604.000       
# span 6 =     2.9149,     5.8019       
# span 7 =   3.118982,   3.318416       
# span 8 =    33.8634,    34.2842       
# span 9 =    26.6797,    27.3132       
# span 10 =     2.8810,     5.8018      
# span 11 =    6.99342,    7.47868      
# span 12 =     0.0000,     0.5951      
# span 13 =      0.000,      5.951      
# span 14 =      0.992,    598.239      
# span 15 = 0.0000e+00, 0.0000e+00      
# interval = decibars: 1                
# start_time = Jun 11 2017 16:52:45 [NMEA time, first data scan]
# bad_flag = -9.990e-29
*END*
      34411  550517171 162.719893  -44.72554  -59.12258      1.000     5.8019   3.318416    33.8641    26.6797     5.8018    6.99342     0.0000      0.000      0.992 0.0000e+00
      33392  550517128 162.719402  -44.72556  -59.12263      2.000     5.7846   3.316864    33.8634    26.6812     5.7844    6.99629     0.0014      0.014      1.984 0.0000e+00
      32474  550517090 162.718959  -44.72560  -59.12268      3.000     5.7747   3.316070    33.8638    26.6828     5.7745    6.99790     0.0027      0.027      2.976 0.0000e+00
      32363  550517086 162.718905  -44.72560  -59.12268      4.000     5.7648   3.315277    33.8642    26.6844     5.7645    6.99950     0.0040      0.040      3.968 0.0000e+00
      32314  550517083 162.718882  -44.72560  -59.12269      5.000     5.7548   3.314483    33.8648    26.6861     5.7544    7.00112     0.0054      0.054      4.959 0.0000e+00
      32227  550517080 162.718840  -44.72560  -59.12270      6.000     5.7449   3.313689    33.8652    26.6876     5.7444    7.00273     0.0067      0.067      5.951 0.0000e+00
      32192  550517078 162.718823  -44.72561  -59.12270      7.000     5.7403   3.313581    33.8681    26.6905     5.7397    7.00335     0.0081      0.081      6.943 0.0000e+00
      32120  550517075 162.718788  -44.72562  -59.12270      8.000     5.7356   3.313474    33.8711    26.6935     5.7350    7.00398     0.0094      0.094      7.935 0.0000e+00
      32060  550517073 162.718759  -44.72562  -59.12270      9.000     5.7310   3.313366    33.8740    26.6963     5.7303    7.00460     0.0108      0.108      8.927 0.0000e+00
      32029  550517072 162.718744  -44.72562  -59.12271     10.000     5.7271   3.313022    33.8735    26.6964     5.7263    7.00527     0.0121      0.121      9.919 0.0000e+00
      31994  550517070 162.718728  -44.72562  -59.12272     11.000     5.7263   3.312762    33.8709    26.6944     5.7254    7.00552     0.0134      0.134     10.911 0.0000e+00
      31965  550517069 162.718713  -44.72562  -59.12272     12.000     5.7238   3.312683    33.8720    26.6956     5.7228    7.00588     0.0148      0.148     11.903 0.0000e+00
      31931  550517067 162.718697  -44.72562  -59.12270     13.000     5.7213   3.312547    33.8724    26.6963     5.7203    7.00627     0.0161      0.161     12.894 0.0000e+00
      31851  550517064 162.718658  -44.72563  -59.12270     14.000     5.7188   3.312410    33.8729    26.6970     5.7177    7.00666     0.0175      0.175     13.886 0.0000e+00
      31813  550517063 162.718640  -44.72562  -59.12271     15.000     5.7178   3.312358    33.8728    26.6970     5.7166    7.00683     0.0188      0.188     14.878 0.0000e+00
      31792  550517061 162.718630  -44.72562  -59.12272     16.000     5.7138   3.312218    33.8747    26.6990     5.7125    7.00740     0.0201      0.201     15.870 0.0000e+00
      31760  550517060 162.718615  -44.72562  -59.12272     17.000     5.7123   3.312110    33.8745    26.6991     5.7109    7.00766     0.0215      0.215     16.862 0.0000e+00
      31720  550517058 162.718595  -44.72562  -59.12272     18.000     5.7115   3.312044    33.8740    26.6988     5.7100    7.00781     0.0228      0.228     17.854 0.0000e+00
      31689  550517057 162.718580  -44.72564  -59.12272     19.000     5.7113   3.312037    33.8736    26.6985     5.7098    7.00786     0.0241      0.241     18.845 0.0000e+00
      31632  550517055 162.718553  -44.72564  -59.12272     20.000     5.7111   3.312030    33.8733    26.6983     5.7095    7.00791     0.0255      0.255     19.837 0.0000e+00
      31577  550517052 162.718526  -44.72564  -59.12272     21.000     5.7109   3.312023    33.8729    26.6980     5.7092    7.00796     0.0268      0.268     20.829 0.0000e+00
      31556  550517051 162.718516  -44.72564  -59.12272     22.000     5.7091   3.311893    33.8727    26.6981     5.7073    7.00827     0.0281      0.281     21.821 0.0000e+00
      31534  550517051 162.718505  -44.72564  -59.12272     23.000     5.7073   3.311763    33.8725    26.6982     5.7054    7.00857     0.0295      0.295     22.813 0.0000e+00
      31464  550517047 162.718472  -44.72564  -59.12274     24.000     5.7059   3.311769    33.8735    26.6991     5.7040    7.00876     0.0308      0.308     23.804 0.0000e+00
      31442  550517046 162.718461  -44.72564  -59.12274     25.000     5.7047   3.311825    33.8748    26.7003     5.7027    7.00889     0.0322      0.322     24.796 0.0000e+00
      31430  550517045 162.718455  -44.72564  -59.12274     26.000     5.6999   3.311827    33.8792    26.7043     5.6978    7.00948     0.0335      0.335     25.788 0.0000e+00
      31409  550517044 162.718445  -44.72564  -59.12274     27.000     5.6954   3.311495    33.8794    26.7051     5.6932    7.01021     0.0348      0.348     26.780 0.0000e+00
      31345  550517041 162.718414  -44.72565  -59.12274     28.000     5.6946   3.311408    33.8787    26.7047     5.6923    7.01038     0.0361      0.361     27.772 0.0000e+00
      31294  550517039 162.718390  -44.72564  -59.12274     29.000     5.6937   3.311320    33.8781    26.7043     5.6914    7.01055     0.0375      0.375     28.763 0.0000e+00
      31268  550517038 162.718377  -44.72564  -59.12275     30.000     5.6934   3.311182    33.8763    26.7029     5.6910    7.01068     0.0388      0.388     29.755 0.0000e+00
      31257  550517037 162.718372  -44.72564  -59.12276     31.000     5.6901   3.311036    33.8775    26.7043     5.6876    7.01117     0.0401      0.401     30.747 0.0000e+00
      31253  550517036 162.718370  -44.72565  -59.12276     32.000     5.6813   3.310723    33.8823    26.7091     5.6787    7.01240     0.0415      0.415     31.739 0.0000e+00
      31240  550517033 162.718364  -44.72566  -59.12275     33.000     5.6795   3.310578    33.8819    26.7091     5.6768    7.01271     0.0428      0.428     32.730 0.0000e+00
      31217  550517031 162.718353  -44.72566  -59.12276     34.000     5.6777   3.310432    33.8816    26.7090     5.6750    7.01303     0.0441      0.441     33.722 0.0000e+00
      31200  550517029 162.718344  -44.72565  -59.12276     35.000     5.6759   3.310287    33.8812    26.7090     5.6731    7.01334     0.0455      0.455     34.714 0.0000e+00
      31179  550517029 162.718334  -44.72564  -59.12276     36.000     5.6734   3.310037    33.8804    26.7087     5.6705    7.01379     0.0468      0.468     35.706 0.0000e+00
      31119  550517026 162.718305  -44.72565  -59.12276     37.000     5.6708   3.309786    33.8797    26.7084     5.6678    7.01425     0.0481      0.481     36.697 0.0000e+00
      31064  550517024 162.718279  -44.72566  -59.12276     38.000     5.6683   3.309536    33.8788    26.7080     5.6652    7.01471     0.0494      0.494     37.689 0.0000e+00
      31045  550517023 162.718270  -44.72566  -59.12276     39.000     5.6654   3.309397    33.8797    26.7091     5.6623    7.01515     0.0508      0.508     38.681 0.0000e+00
      31025  550517022 162.718260  -44.72566  -59.12276     40.000     5.6539   3.308612    33.8818    26.7122     5.6507    7.01694     0.0521      0.521     39.672 0.0000e+00
      30976  550517020 162.718236  -44.72566  -59.12276     41.000     5.6423   3.307827    33.8841    26.7154     5.6390    7.01875     0.0534      0.534     40.664 0.0000e+00
      30869  550517016 162.718185  -44.72566  -59.12278     42.000     5.6353   3.307348    33.8851    26.7171     5.6319    7.01986     0.0547      0.547     41.656 0.0000e+00
      30828  550517014 162.718165  -44.72566  -59.12278     43.000     5.6288   3.306894    33.8860    26.7186     5.6254    7.02089     0.0561      0.561     42.648 0.0000e+00
      30800  550517013 162.718152  -44.72566  -59.12278     44.000     5.6118   3.305857    33.8908    26.7245     5.6083    7.02347     0.0574      0.574     43.639 0.0000e+00
      30751  550517011 162.718128  -44.72566  -59.12278     45.000     5.5969   3.304706    33.8923    26.7274     5.5933    7.02587     0.0587      0.587     44.631 0.0000e+00
      30669  550517007 162.718088  -44.72566  -59.12278     46.000     5.5819   3.303555    33.8938    26.7304     5.5782    7.02828     0.0600      0.600     45.623 0.0000e+00
      30600  550517004 162.718055  -44.72566  -59.12278     47.000     5.5705   3.303063    33.8992    26.7361     5.5667    7.02992     0.0613      0.613     46.614 0.0000e+00
      30572  550517003 162.718042  -44.72566  -59.12278     48.000     5.5598   3.302418    33.9021    26.7397     5.5560    7.03155     0.0626      0.626     47.606 0.0000e+00
      30548  550517002 162.718030  -44.72566  -59.12280     49.000     5.5529   3.301556    33.8987    26.7379     5.5490    7.03285     0.0639      0.639     48.598 0.0000e+00
      30523  550517001 162.718018  -44.72566  -59.12280     50.000     5.5498   3.301148    33.8967    26.7366     5.5458    7.03346     0.0652      0.652     49.589 0.0000e+00
      30497  550517000 162.718006  -44.72566  -59.12280     51.000     5.5328   3.300266    33.9033    26.7439     5.5287    7.03597     0.0665      0.665     50.581 0.0000e+00
      30455  550516998 162.717985  -44.72566  -59.12280     52.000     5.5199   3.298908    33.9003    26.7431     5.5158    7.03825     0.0678      0.678     51.573 0.0000e+00
      30415  550516996 162.717966  -44.72567  -59.12280     53.000     5.5104   3.298232    33.9017    26.7453     5.5062    7.03976     0.0691      0.691     52.564 0.0000e+00
      30395  550516996 162.717956  -44.72566  -59.12280     54.000     5.4948   3.297361    33.9070    26.7514     5.4905    7.04210     0.0704      0.704     53.556 0.0000e+00
      30365  550516994 162.717942  -44.72566  -59.12280     55.000     5.4833   3.296269    33.9056    26.7517     5.4789    7.04408     0.0717      0.717     54.548 0.0000e+00
      30299  550516991 162.717910  -44.72567  -59.12280     56.000     5.4717   3.295177    33.9044    26.7521     5.4673    7.04607     0.0730      0.730     55.539 0.0000e+00
      30260  550516989 162.717891  -44.72566  -59.12280     57.000     5.4660   3.294665    33.9038    26.7523     5.4615    7.04704     0.0743      0.743     56.531 0.0000e+00
      30235  550516988 162.717879  -44.72566  -59.12280     58.000     5.4508   3.293763    33.9083    26.7578     5.4462    7.04936     0.0756      0.756     57.523 0.0000e+00
      30207  550516987 162.717865  -44.72566  -59.12280     59.000     5.4252   3.291925    33.9127    26.7643     5.4206    7.05341     0.0769      0.769     58.514 0.0000e+00
      30162  550516985 162.717844  -44.72568  -59.12280     60.000     5.4134   3.291029    33.9139    26.7666     5.4087    7.05532     0.0781      0.781     59.506 0.0000e+00
      30133  550516983 162.717830  -44.72568  -59.12280     61.000     5.4015   3.290133    33.9152    26.7691     5.3967    7.05725     0.0794      0.794     60.497 0.0000e+00
      30109  550516982 162.717818  -44.72568  -59.12280     62.000     5.3810   3.288744    33.9195    26.7749     5.3761    7.06046     0.0807      0.807     61.489 0.0000e+00
      30052  550516979 162.717791  -44.72568  -59.12281     63.000     5.3606   3.287356    33.9238    26.7807     5.3557    7.06367     0.0819      0.819     62.481 0.0000e+00
      29994  550516977 162.717763  -44.72568  -59.12282     64.000     5.3401   3.285967    33.9281    26.7866     5.3351    7.06689     0.0832      0.832     63.472 0.0000e+00
      29965  550516976 162.717749  -44.72566  -59.12282     65.000     5.3213   3.284237    33.9268    26.7878     5.3162    7.07009     0.0845      0.845     64.464 0.0000e+00
      29938  550516974 162.717736  -44.72567  -59.12282     66.000     5.3026   3.282508    33.9255    26.7889     5.2975    7.07328     0.0857      0.857     65.455 0.0000e+00
      29928  550516973 162.717731  -44.72568  -59.12282     67.000     5.2838   3.280778    33.9242    26.7901     5.2786    7.07649     0.0870      0.870     66.447 0.0000e+00
      29925  550516970 162.717730  -44.72568  -59.12282     68.000     5.2650   3.279048    33.9229    26.7913     5.2597    7.07971     0.0882      0.882     67.439 0.0000e+00
      29919  550516970 162.717727  -44.72568  -59.12282     69.000     5.2487   3.277512    33.9213    26.7919     5.2434    7.08252     0.0895      0.895     68.430 0.0000e+00
      29915  550516967 162.717725  -44.72568  -59.12282     70.000     5.2323   3.275975    33.9197    26.7927     5.2269    7.08534     0.0907      0.907     69.422 0.0000e+00
      29911  550516964 162.717723  -44.72568  -59.12282     71.000     5.2160   3.274439    33.9181    26.7933     5.2105    7.08816     0.0920      0.920     70.413 0.0000e+00
      29909  550516961 162.717722  -44.72568  -59.12282     72.000     5.1997   3.272903    33.9165    26.7939     5.1941    7.09097     0.0932      0.932     71.405 0.0000e+00
      29907  550516961 162.717721  -44.72568  -59.12282     73.000     5.1834   3.271367    33.9149    26.7945     5.1778    7.09379     0.0945      0.945     72.396 0.0000e+00
      29878  550516957 162.717707  -44.72568  -59.12284     74.000     5.1670   3.269830    33.9133    26.7952     5.1613    7.09663     0.0957      0.957     73.388 0.0000e+00
      29870  550516957 162.717703  -44.72568  -59.12284     75.000     5.1507   3.268294    33.9117    26.7958     5.1449    7.09945     0.0970      0.970     74.380 0.0000e+00
      29868  550516954 162.717702  -44.72569  -59.12284     76.000     5.1052   3.265203    33.9218    26.8091     5.0994    7.10664     0.0982      0.982     75.371 0.0000e+00
      29866  550516949 162.717701  -44.72570  -59.12284     77.000     5.0597   3.262111    33.9320    26.8223     5.0538    7.11385     0.0995      0.995     76.363 0.0000e+00
      29865  550516949 162.717701  -44.72570  -59.12284     78.000     5.0143   3.259020    33.9420    26.8355     5.0084    7.12106     0.1007      1.007     77.354 0.0000e+00
      29843  550516948 162.717690  -44.72570  -59.12284     79.000     4.9688   3.255928    33.9521    26.8487     4.9628    7.12829     0.1019      1.019     78.346 0.0000e+00
      29830  550516947 162.717684  -44.72570  -59.12284     80.000     4.9233   3.252837    33.9623    26.8619     4.9173    7.13554     0.1031      1.031     79.337 0.0000e+00
      29823  550516946 162.717680  -44.72570  -59.12284     81.000     4.9134   3.252006    33.9622    26.8630     4.9073    7.13722     0.1043      1.043     80.329 0.0000e+00
      29782  550516943 162.717661  -44.72570  -59.12285     82.000     4.8737   3.248013    33.9560    26.8626     4.8676    7.14428     0.1055      1.055     81.320 0.0000e+00
      29706  550516939 162.717624  -44.72570  -59.12285     83.000     4.8341   3.244019    33.9496    26.8620     4.8279    7.15134     0.1066      1.066     82.312 0.0000e+00
      29685  550516938 162.717614  -44.72570  -59.12284     84.000     4.7944   3.240026    33.9433    26.8614     4.7882    7.15843     0.1078      1.078     83.303 0.0000e+00
      29661  550516937 162.717602  -44.72571  -59.12285     85.000     4.7789   3.238561    33.9417    26.8618     4.7726    7.16116     0.1090      1.090     84.295 0.0000e+00
      29572  550516933 162.717559  -44.72571  -59.12286     86.000     4.7634   3.237096    33.9400    26.8622     4.7571    7.16390     0.1102      1.102     85.286 0.0000e+00
      29522  550516931 162.717535  -44.72572  -59.12286     87.000     4.7479   3.235631    33.9383    26.8626     4.7415    7.16663     0.1114      1.114     86.278 0.0000e+00
      29499  550516930 162.717524  -44.72572  -59.12286     88.000     4.7317   3.234287    33.9387    26.8647     4.7252    7.16939     0.1126      1.126     87.269 0.0000e+00
      29466  550516929 162.717508  -44.72572  -59.12286     89.000     4.7230   3.233565    33.9387    26.8657     4.7165    7.17088     0.1138      1.138     88.261 0.0000e+00
      29426  550516927 162.717489  -44.72572  -59.12286     90.000     4.7144   3.232844    33.9386    26.8665     4.7078    7.17236     0.1150      1.150     89.252 0.0000e+00
