estaciones_CTD_tipo/u035.cnv
* Sea-Bird SBE 9 Data File:
* FileName = D:\MALVINAS_CASSIS_2017\CTD_Data\035.hex
* Software Version Seasave V 7.23.2
* Temperature SN = 4727
* Conductivity SN = 3330
* Number of Bytes Per Scan = 23
* Number of Voltage Words = 0
* Number of Scans Averaged by the Deck Unit = 1
* NMEA Latitude = 44 43.75 S
* NMEA Longitude = 059 07.46 W
* NMEA UTC (Time) = Jun 11 2017  16:52:44
** Ship: PD
** Station: 035
** Operator:
** CTD Inidep s/botellas c/LADCP
** Nueva end termination
** La estacion se realizo con el cable de la bomba desconectado. 
** Datos muy ruidosos, mas durante el descenso, se procesa el ascenso
** Los valores malos de T y C fueron editados, interpolados  y luego 
** las variabes oceanograficas re-calculadas en esos niveles interpolados
** Datos cuestionables.
# nquan = 16
# nvalues = 603                         
# units = specified
# name 0 = scan: Scan Count
# name 1 = timeQ: Time, NMEA [seconds]
# name 2 = timeJ: Julian Days
# name 3 = latitude: Latitude [deg]
# name 4 = longitude: Longitude [deg]
# name 5 = prDM: Pressure, Digiquartz [db]
# name 6 = t090C: Temperature [ITS-90, deg C]
# name 7 = c0S/m: Conductivity [S/m]
# name 8 = sal00: Salinity, Practical [PSU]
# name 9 = sigma-é00: Density [sigma-theta, kg/m^3]
# name 10 = potemp090C: Potential Temperature [ITS-90, deg C]
# name 11 = oxsolML/L: Oxygen Saturation, Garcia & Gordon [ml/l]
# name 12 = dm: Dynamic Meters [10 J/kg]
# name 13 = gpa: Geopotential Anomaly [J/kg]
# name 14 = depSM: Depth [salt water, m], lat = -44.7292
# name 15 = flag: flag
# span 0 =      17971,      34411       
# span 1 =  550516293,  550539285       
# span 2 = 162.711965, 162.719893       
# span 3 =  -44.72814,  -44.72554       
# span 4 =  -59.12571,  -59.12258       
# span 5 =      1.000,    604.000       
# span 6 =     2.9149,     5.8019       
# span 7 =   3.118982,   3.318416       
# span 8 =    33.8634,    34.2842       
# span 9 =    26.6797,    27.3132       
# span 10 =     2.8810,     5.8018      
# span 11 =    6.99342,    7.47868      
# span 12 =     0.0000,     0.5951      
# span 13 =      0.000,      5.951      
# span 14 =      0.992,    598.239      
# span 15 = 0.0000e+00, 0.0000e+00      
# interval = decibars: 1                
# start_time = Jun 11 2017 16:52:45 [NMEA time, first data scan]
# bad_flag = -9.990e-29
*END*
[from data line 452]
      20138  550516505 162.713010  -44.72620  -59.12326    453.000     3.0586   3.124359    34.1786    27.2266     3.0298    7.45461     0.4704      4.704    448.842 0.0000e+00
      20117  550516504 162.713000  -44.72620  -59.12326    454.000     3.0597   3.124497    34.1785    27.2265     3.0309    7.45441     0.4713      4.713    449.832 0.0000e+00
      20095  550516503 162.712989  -44.72620  -59.12326    455.000     3.0607   3.124675    34.1791    27.2269     3.0318    7.45420     0.4721      4.721    450.822 0.0000e+00
      20077  550516503 162.712980  -44.72620  -59.12326    456.000     3.0609   3.124802    34.1799    27.2275     3.0319    7.45412     0.4730      4.730    451.812 0.0000e+00
      20066  550516502 162.712975  -44.72620  -59.12326    457.000     3.0606   3.124905    34.1809    27.2284     3.0316    7.45413     0.4738      4.738    452.801 0.0000e+00
      20047  550516501 162.712966  -44.72620  -59.12326    458.000     3.0597   3.125005    34.1826    27.2297     3.0306    7.45421     0.4747      4.747    453.791 0.0000e+00
      20019  550516500 162.712952  -44.72620  -59.12325    459.000     3.0602   3.125088    34.1825    27.2297     3.0310    7.45412     0.4756      4.756    454.781 0.0000e+00
      19992  550516498 162.712939  -44.72621  -59.12324    460.000     3.0598   3.125232    34.1841    27.2310     3.0306    7.45411     0.4764      4.764    455.771 0.0000e+00
      19970  550516497 162.712929  -44.72622  -59.12324    461.000     3.0588   3.125291    34.1854    27.2321     3.0295    7.45423     0.4773      4.773    456.760 0.0000e+00
      19951  550516497 162.712920  -44.72622  -59.12324    462.000     3.0590   3.125297    34.1847    27.2315     3.0296    7.45423     0.4782      4.782    457.750 0.0000e+00
      19931  550516496 162.712910  -44.72620  -59.12324    463.000     3.0604   3.125335    34.1831    27.2302     3.0310    7.45405     0.4790      4.790    458.740 0.0000e+00
      19890  550516494 162.712890  -44.72620  -59.12326    464.000     3.0618   3.125475    34.1828    27.2298     3.0323    7.45381     0.4799      4.799    459.729 0.0000e+00
      19849  550516491 162.712870  -44.72620  -59.12326    465.000     3.0632   3.125614    34.1825    27.2294     3.0336    7.45357     0.4807      4.807    460.719 0.0000e+00
      19843  550516491 162.712867  -44.72620  -59.12326    466.000     3.0632   3.125861    34.1849    27.2314     3.0336    7.45344     0.4816      4.816    461.709 0.0000e+00
      19837  550516491 162.712865  -44.72620  -59.12326    467.000     3.0644   3.125966    34.1844    27.2309     3.0347    7.45325     0.4825      4.825    462.698 0.0000e+00
      19834  550516490 162.712863  -44.72621  -59.12326    468.000     3.0631   3.126173    34.1878    27.2337     3.0333    7.45332     0.4833      4.833    463.688 0.0000e+00
      19831  550516489 162.712862  -44.72622  -59.12326    469.000     3.0608   3.126319    34.1914    27.2368     3.0310    7.45356     0.4842      4.842    464.678 0.0000e+00
      19825  550516489 162.712859  -44.72622  -59.12326    470.000     3.0598   3.126259    34.1912    27.2367     3.0299    7.45375     0.4850      4.850    465.667 0.0000e+00
      19818  550516488 162.712856  -44.72622  -59.12326    471.000     3.0545   3.126013    34.1933    27.2389     3.0245    7.45462     0.4859      4.859    466.657 0.0000e+00
      19787  550516487 162.712841  -44.72624  -59.12324    472.000     3.0526   3.125856    34.1929    27.2387     3.0226    7.45499     0.4867      4.867    467.647 0.0000e+00
      19733  550516485 162.712815  -44.72622  -59.12324    473.000     3.0506   3.125699    34.1925    27.2386     3.0205    7.45538     0.4876      4.876    468.636 0.0000e+00
      19703  550516483 162.712800  -44.72622  -59.12325    474.000     3.0487   3.125541    34.1921    27.2384     3.0186    7.45575     0.4885      4.885    469.626 0.0000e+00
      19694  550516482 162.712796  -44.72622  -59.12326    475.000     3.0467   3.125384    34.1918    27.2384     3.0165    7.45613     0.4893      4.893    470.616 0.0000e+00
      19679  550516481 162.712788  -44.72622  -59.12326    476.000     3.0448   3.125227    34.1913    27.2382     3.0145    7.45650     0.4902      4.902    471.605 0.0000e+00
      19663  550516481 162.712781  -44.72622  -59.12326    477.000     3.0404   3.125140    34.1944    27.2410     3.0101    7.45716     0.4910      4.910    472.595 0.0000e+00
      19656  550516480 162.712777  -44.72622  -59.12326    478.000     3.0376   3.124977    34.1948    27.2417     3.0072    7.45765     0.4919      4.919    473.585 0.0000e+00
      19650  550516479 162.712774  -44.72622  -59.12326    479.000     3.0348   3.124814    34.1953    27.2423     3.0044    7.45814     0.4927      4.927    474.574 0.0000e+00
      19640  550516478 162.712769  -44.72624  -59.12326    480.000     3.0320   3.124651    34.1957    27.2429     3.0015    7.45864     0.4936      4.936    475.564 0.0000e+00
      19616  550516477 162.712758  -44.72624  -59.12324    481.000     3.0292   3.124488    34.1961    27.2435     2.9987    7.45913     0.4944      4.944    476.553 0.0000e+00
      19596  550516476 162.712748  -44.72624  -59.12324    482.000     3.0241   3.124324    34.1990    27.2462     2.9935    7.45992     0.4953      4.953    477.543 0.0000e+00
      19580  550516475 162.712741  -44.72624  -59.12324    483.000     3.0232   3.124302    34.1992    27.2464     2.9925    7.46008     0.4961      4.961    478.533 0.0000e+00
      19570  550516474 162.712736  -44.72624  -59.12324    484.000     3.0223   3.124280    34.1993    27.2467     2.9916    7.46024     0.4970      4.970    479.522 0.0000e+00
      19573  550516473 162.712737  -44.72624  -59.12325    485.000     3.0214   3.124258    34.1994    27.2469     2.9906    7.46040     0.4978      4.978    480.512 0.0000e+00
      19533  550516471 162.712718  -44.72623  -59.12326    486.000     3.0204   3.124236    34.1997    27.2472     2.9896    7.46057     0.4987      4.987    481.501 0.0000e+00
      19518  550516470 162.712711  -44.72623  -59.12326    487.000     3.0195   3.124214    34.1998    27.2474     2.9886    7.46073     0.4995      4.995    482.491 0.0000e+00
      19509  550516469 162.712706  -44.72624  -59.12326    488.000     3.0186   3.124192    34.2000    27.2476     2.9876    7.46088     0.5004      5.004    483.481 0.0000e+00
      19505  550516468 162.712704  -44.72624  -59.12326    489.000     3.0119   3.123868    34.2026    27.2503     2.9809    7.46199     0.5012      5.012    484.470 0.0000e+00
      19500  550516468 162.712702  -44.72624  -59.12326    490.000     3.0078   3.123623    34.2034    27.2513     2.9767    7.46270     0.5020      5.020    485.460 0.0000e+00
      19495  550516467 162.712700  -44.72624  -59.12324    491.000     3.0032   3.123191    34.2025    27.2510     2.9721    7.46359     0.5029      5.029    486.449 0.0000e+00
      19490  550516466 162.712697  -44.72624  -59.12324    492.000     2.9986   3.122759    34.2016    27.2507     2.9674    7.46449     0.5037      5.037    487.439 0.0000e+00
      19483  550516465 162.712694  -44.72624  -59.12324    493.000     2.9951   3.122601    34.2028    27.2520     2.9639    7.46507     0.5046      5.046    488.428 0.0000e+00
      19469  550516464 162.712687  -44.72624  -59.12324    494.000     2.9915   3.122443    34.2042    27.2534     2.9602    7.46566     0.5054      5.054    489.418 0.0000e+00
      19449  550516462 162.712678  -44.72624  -59.12324    495.000     2.9880   3.122285    34.2054    27.2547     2.9567    7.46625     0.5063      5.063    490.407 0.0000e+00
      19439  550516461 162.712673  -44.72624  -59.12324    496.000     2.9845   3.122127    34.2067    27.2560     2.9531    7.46683     0.5071      5.071    491.397 0.0000e+00
      19437  550516461 162.712672  -44.72624  -59.12324    497.000     2.9809   3.121969    34.2080    27.2574     2.9495    7.46742     0.5079      5.079    492.387 0.0000e+00
      19435  550516458 162.712671  -44.72624  -59.12324    498.000     2.9774   3.121811    34.2093    27.2587     2.9459    7.46800     0.5088      5.088    493.376 0.0000e+00
      19434  550516457 162.712670  -44.72624  -59.12325    499.000     2.9723   3.121384    34.2089    27.2589     2.9408    7.46896     0.5096      5.096    494.366 0.0000e+00
      19432  550516456 162.712669  -44.72624  -59.12326    500.000     2.9672   3.120860    34.2074    27.2582     2.9356    7.46998     0.5104      5.104    495.355 0.0000e+00
      19429  550516456 162.712668  -44.72624  -59.12326    501.000     2.9681   3.120841    34.2057    27.2567     2.9364    7.46990     0.5113      5.113    496.345 0.0000e+00
      19424  550516455 162.712665  -44.72624  -59.12326    502.000     2.9673   3.120801    34.2055    27.2567     2.9356    7.47006     0.5121      5.121    497.334 0.0000e+00
      19415  550516455 162.712661  -44.72624  -59.12326    503.000     2.9657   3.120802    34.2067    27.2577     2.9339    7.47029     0.5130      5.130    498.324 0.0000e+00
      19410  550516452 162.712659  -44.72626  -59.12324    504.000     2.9641   3.120803    34.2079    27.2588     2.9323    7.47053     0.5138      5.138    499.313 0.0000e+00
      19395  550516451 162.712652  -44.72626  -59.12324    505.000     2.9626   3.120805    34.2089    27.2598     2.9307    7.47075     0.5146      5.146    500.303 0.0000e+00
      19388  550516450 162.712648  -44.72626  -59.12324    506.000     2.9610   3.120806    34.2101    27.2609     2.9290    7.47099     0.5155      5.155    501.292 0.0000e+00
      19385  550516449 162.712647  -44.72626  -59.12325    507.000     2.9594   3.120807    34.2113    27.2620     2.9274    7.47122     0.5163      5.163    502.282 0.0000e+00
      19383  550516448 162.712646  -44.72626  -59.12326    508.000     2.9557   3.120664    34.2129    27.2636     2.9236    7.47182     0.5171      5.171    503.271 0.0000e+00
      19381  550516448 162.712645  -44.72626  -59.12326    509.000     2.9549   3.120677    34.2134    27.2641     2.9228    7.47195     0.5180      5.180    504.261 0.0000e+00
      19379  550516445 162.712644  -44.72626  -59.12326    510.000     2.9431   3.119798    34.2146    27.2661     2.9109    7.47406     0.5188      5.188    505.250 0.0000e+00
      19378  550516445 162.712643  -44.72626  -59.12326    511.000     2.9427   3.119861    34.2153    27.2667     2.9105    7.47410     0.5196      5.196    506.240 0.0000e+00
      19367  550516442 162.712638  -44.72626  -59.12324    512.000     2.9405   3.119760    34.2158    27.2674     2.9082    7.47448     0.5205      5.205    507.229 0.0000e+00
      19351  550516439 162.712630  -44.72626  -59.12324    513.000     2.9383   3.119659    34.2164    27.2680     2.9060    7.47486     0.5213      5.213    508.218 0.0000e+00
      19350  550516439 162.712630  -44.72626  -59.12324    514.000     2.9362   3.119559    34.2169    27.2686     2.9038    7.47522     0.5221      5.221    509.208 0.0000e+00
      19349  550516439 162.712629  -44.72626  -59.12324    515.000     2.9340   3.119458    34.2174    27.2692     2.9015    7.47560     0.5229      5.229    510.197 0.0000e+00
      19347  550516437 162.712628  -44.72626  -59.12324    516.000     2.9318   3.119357    34.2180    27.2699     2.8993    7.47598     0.5238      5.238    511.187 0.0000e+00
      19345  550516437 162.712627  -44.72626  -59.12324    517.000     2.9315   3.119358    34.2178    27.2697     2.8989    7.47604     0.5246      5.246    512.176 0.0000e+00
      19343  550516436 162.712626  -44.72628  -59.12324    518.000     2.9268   3.119246    34.2209    27.2726     2.8942    7.47675     0.5254      5.254    513.166 0.0000e+00
      19341  550516435 162.712625  -44.72628  -59.12326    519.000     2.9270   3.119249    34.2202    27.2720     2.8943    7.47675     0.5263      5.263    514.155 0.0000e+00
      19337  550516434 162.712623  -44.72628  -59.12326    520.000     2.9271   3.119252    34.2195    27.2716     2.8943    7.47677     0.5271      5.271    515.145 0.0000e+00
      19329  550516434 162.712620  -44.72628  -59.12326    521.000     2.9261   3.119229    34.2198    27.2718     2.8933    7.47694     0.5279      5.279    516.134 0.0000e+00
      19325  550539285 162.719371  -44.72814  -59.12571    522.000     2.9261   3.119352    34.2208    27.2726     2.8932    7.47689     0.5287      5.287    517.123 0.0000e+00
      19322  550539285 162.719371  -44.72814  -59.12571    523.000     2.9240   3.119193    34.2205    27.2726     2.8910    7.47729     0.5295      5.295    518.113 0.0000e+00
      19318  550516430 162.712615  -44.72628  -59.12324    524.000     2.9219   3.119034    34.2203    27.2726     2.8889    7.47769     0.5304      5.304    519.102 0.0000e+00
      19315  550516430 162.712613  -44.72628  -59.12324    525.000     2.9206   3.118982    34.2205    27.2729     2.8875    7.47792     0.5312      5.312    520.092 0.0000e+00
      19311  550516427 162.712611  -44.72628  -59.12326    526.000     2.9197   3.119007    34.2212    27.2736     2.8866    7.47805     0.5320      5.320    521.081 0.0000e+00
      19299  550516427 162.712605  -44.72628  -59.12326    527.000     2.9189   3.119032    34.2218    27.2741     2.8857    7.47817     0.5328      5.328    522.070 0.0000e+00
      19293  550516426 162.712602  -44.72628  -59.12326    528.000     2.9180   3.119056    34.2225    27.2748     2.8847    7.47830     0.5337      5.337    523.060 0.0000e+00
      19291  550516425 162.712601  -44.72628  -59.12326    529.000     2.9171   3.119081    34.2232    27.2754     2.8838    7.47843     0.5345      5.345    524.049 0.0000e+00
      19289  550516425 162.712600  -44.72628  -59.12326    530.000     2.9167   3.119095    34.2233    27.2755     2.8833    7.47850     0.5353      5.353    525.039 0.0000e+00
      19287  550516423 162.712599  -44.72629  -59.12326    531.000     2.9167   3.119174    34.2237    27.2759     2.8832    7.47848     0.5361      5.361    526.028 0.0000e+00
      19286  550516421 162.712599  -44.72630  -59.12326    532.000     2.9168   3.119279    34.2243    27.2764     2.8833    7.47843     0.5370      5.370    527.017 0.0000e+00
      19284  550516421 162.712598  -44.72630  -59.12326    533.000     2.9174   3.119529    34.2262    27.2778     2.8838    7.47822     0.5378      5.378    528.007 0.0000e+00
      19280  550516420 162.712596  -44.72630  -59.12326    534.000     2.9177   3.119531    34.2254    27.2771     2.8840    7.47821     0.5386      5.386    528.996 0.0000e+00
      19273  550516419 162.712593  -44.72630  -59.12326    535.000     2.9180   3.119533    34.2246    27.2765     2.8843    7.47819     0.5394      5.394    529.985 0.0000e+00
      19268  550516416 162.712590  -44.72630  -59.12326    536.000     2.9183   3.119535    34.2237    27.2758     2.8845    7.47818     0.5402      5.402    530.975 0.0000e+00
      19263  550516415 162.712588  -44.72630  -59.12326    537.000     2.9186   3.119537    34.2229    27.2751     2.8847    7.47817     0.5411      5.411    531.964 0.0000e+00
      19259  550516414 162.712586  -44.72630  -59.12326    538.000     2.9149   3.119537    34.2263    27.2781     2.8810    7.47868     0.5419      5.419    532.953 0.0000e+00
      19255  550516412 162.712584  -44.72630  -59.12326    539.000     2.9159   3.119670    34.2263    27.2781     2.8819    7.47849     0.5427      5.427    533.943 0.0000e+00
      19251  550516412 162.712582  -44.72630  -59.12326    540.000     2.9164   3.119652    34.2250    27.2770     2.8823    7.47847     0.5435      5.435    534.932 0.0000e+00
      19248  550516412 162.712581  -44.72630  -59.12326    541.000     2.9179   3.119893    34.2258    27.2775     2.8837    7.47815     0.5443      5.443    535.921 0.0000e+00
      19246  550516409 162.712580  -44.72630  -59.12326    542.000     2.9193   3.120135    34.2267    27.2781     2.8851    7.47784     0.5452      5.452    536.911 0.0000e+00
