estaciones_CTD_tipo/u035.cnv
* Sea-Bird SBE 9 Data File:
* FileName = D:\MALVINAS_CASSIS_2017\CTD_Data\035.hex
* Software Version Seasave V 7.23.2
* Temperature SN = 4727
* Conductivity SN = 3330
* Number of Bytes Per Scan = 23
* Number of Voltage Words = 0
* Number of Scans Averaged by the Deck Unit = 1
* NMEA Latitude = 44 43.75 S
* NMEA Longitude = 059 07.46 W
* NMEA UTC (Time) = Jun 11 2017  16:52:44
** Ship: PD
** Station: 035
** Operator:
** CTD Inidep s/botellas c/LADCP
** Nueva end termination
** La estacion se realizo con el cable de la bomba desconectado. 
** Datos muy ruidosos, mas durante el descenso, se procesa el ascenso
** Los valores malos de T y C fueron editados, interpolados  y luego 
** las variabes oceanograficas re-calculadas en esos niveles interpolados
** Datos cuestionables.
# nquan = 16
# nvalues = 603                         
# units = specified
# name 0 = scan: Scan Count
# name 1 = timeQ: Time, NMEA [seconds]
# name 2 = timeJ: Julian Days
# name 3 = latitude: Latitude [deg]
# name 4 = longitude: Longitude [deg]
# name 5 = prDM: Pressure, Digiquartz [db]
# name 6 = t090C: Temperature [ITS-90, deg C]
# name 7 = c0S/m: Conductivity [S/m]
# name 8 = sal00: Salinity, Practical [PSU]
# name 9 = sigma-é00: Density [sigma-theta, kg/m^3]
# name 10 = potemp090C: Potential Temperature [ITS-90, deg C]
# name 11 = oxsolML/L: Oxygen Saturation, Garcia & Gordon [ml/l]
# name 12 = dm: Dynamic Meters [10 J/kg]
# name 13 = gpa: Geopotential Anomaly [J/kg]
# name 14 = depSM: Depth [salt water, m], lat = -44.7292
# name 15 = flag: flag
# span 0 =      17971,      34411       
# span 1 =  550516293,  550539285       
# span 2 = 162.711965, 162.719893       
# span 3 =  -44.72814,  -44.72554       
# span 4 =  -59.12571,  -59.12258       
# span 5 =      1.000,    604.000       
# span 6 =     2.9149,     5.8019       
# span 7 =   3.118982,   3.318416       
# span 8 =    33.8634,    34.2842       
# span 9 =    26.6797,    27.3132       
# span 10 =     2.8810,     5.8018      
# span 11 =    6.99342,    7.47868      
# span 12 =     0.0000,     0.5951      
# span 13 =      0.000,      5.951      
# span 14 =      0.992,    598.239      
# span 15 = 0.0000e+00, 0.0000e+00      
# interval = decibars: 1                
# start_time = Jun 11 2017 16:52:45 [NMEA time, first data scan]
# bad_flag = -9.990e-29
*END*
[from data line 181]
      27276  550516822 162.716452  -44.72581  -59.12296    182.000     3.9530   3.178931    34.0416    27.0298     3.9406    7.30008     0.2150      2.150    180.448 0.0000e+00
      27238  550516820 162.716434  -44.72582  -59.12296    183.000     3.9466   3.178302    34.0402    27.0294     3.9341    7.30128     0.2161      2.161    181.439 0.0000e+00
      27201  550516819 162.716416  -44.72582  -59.12296    184.000     3.9402   3.177673    34.0389    27.0290     3.9277    7.30249     0.2171      2.171    182.430 0.0000e+00
      27172  550516818 162.716402  -44.72582  -59.12296    185.000     3.9294   3.177224    34.0443    27.0343     3.9168    7.30413     0.2181      2.181    183.421 0.0000e+00
      27149  550516817 162.716391  -44.72582  -59.12296    186.000     3.9185   3.176774    34.0497    27.0398     3.9058    7.30580     0.2192      2.192    184.412 0.0000e+00
      27126  550516816 162.716380  -44.72582  -59.12297    187.000     3.9017   3.175257    34.0486    27.0406     3.8890    7.30883     0.2202      2.202    185.403 0.0000e+00
      27086  550516814 162.716360  -44.72582  -59.12298    188.000     3.8849   3.173740    34.0475    27.0415     3.8722    7.31187     0.2212      2.212    186.394 0.0000e+00
      27023  550516811 162.716330  -44.72582  -59.12298    189.000     3.8680   3.172222    34.0465    27.0424     3.8552    7.31492     0.2222      2.222    187.385 0.0000e+00
      26996  550516810 162.716317  -44.72582  -59.12298    190.000     3.8512   3.170705    34.0454    27.0432     3.8384    7.31796     0.2233      2.233    188.376 0.0000e+00
      26976  550516809 162.716307  -44.72582  -59.12298    191.000     3.8461   3.170246    34.0447    27.0432     3.8332    7.31890     0.2243      2.243    189.367 0.0000e+00
      26955  550516808 162.716297  -44.72583  -59.12298    192.000     3.8410   3.169786    34.0440    27.0431     3.8281    7.31985     0.2253      2.253    190.358 0.0000e+00
      26930  550516807 162.716285  -44.72584  -59.12298    193.000     3.8359   3.169327    34.0433    27.0431     3.8229    7.32079     0.2263      2.263    191.349 0.0000e+00
      26901  550516806 162.716271  -44.72584  -59.12298    194.000     3.8308   3.168867    34.0426    27.0430     3.8177    7.32173     0.2274      2.274    192.340 0.0000e+00
      26829  550516803 162.716237  -44.72584  -59.12298    195.000     3.8257   3.168408    34.0420    27.0430     3.8126    7.32267     0.2284      2.284    193.331 0.0000e+00
      26785  550516801 162.716215  -44.72584  -59.12298    196.000     3.8206   3.167948    34.0412    27.0430     3.8074    7.32362     0.2294      2.294    194.322 0.0000e+00
      26768  550516801 162.716207  -44.72584  -59.12298    197.000     3.8182   3.167753    34.0409    27.0429     3.8049    7.32406     0.2304      2.304    195.313 0.0000e+00
      26753  550516800 162.716200  -44.72584  -59.12298    198.000     3.8149   3.167594    34.0419    27.0441     3.8016    7.32460     0.2314      2.314    196.304 0.0000e+00
      26735  550516799 162.716191  -44.72584  -59.12299    199.000     3.8123   3.167401    34.0418    27.0442     3.7989    7.32507     0.2325      2.325    197.294 0.0000e+00
      26707  550516798 162.716178  -44.72584  -59.12300    200.000     3.8086   3.167122    34.0418    27.0446     3.7952    7.32573     0.2335      2.335    198.285 0.0000e+00
      26661  550516796 162.716155  -44.72584  -59.12299    201.000     3.8086   3.167175    34.0419    27.0447     3.7951    7.32572     0.2345      2.345    199.276 0.0000e+00
      26605  550516794 162.716128  -44.72584  -59.12299    202.000     3.8086   3.167229    34.0420    27.0448     3.7950    7.32572     0.2355      2.355    200.267 0.0000e+00
      26569  550516792 162.716111  -44.72584  -59.12298    203.000     3.8086   3.167282    34.0421    27.0449     3.7949    7.32571     0.2366      2.366    201.258 0.0000e+00
      26537  550516791 162.716096  -44.72584  -59.12300    204.000     3.8102   3.167293    34.0400    27.0431     3.7965    7.32553     0.2376      2.376    202.249 0.0000e+00
      26506  550516790 162.716081  -44.72584  -59.12300    205.000     3.8088   3.167422    34.0425    27.0452     3.7950    7.32566     0.2386      2.386    203.240 0.0000e+00
      26481  550516789 162.716069  -44.72584  -59.12300    206.000     3.8048   3.167458    34.0465    27.0488     3.7909    7.32617     0.2396      2.396    204.231 0.0000e+00
      26460  550516788 162.716059  -44.72584  -59.12300    207.000     3.7982   3.167048    34.0480    27.0506     3.7843    7.32727     0.2406      2.406    205.222 0.0000e+00
      26437  550516787 162.716047  -44.72584  -59.12300    208.000     3.7940   3.166709    34.0478    27.0509     3.7800    7.32803     0.2417      2.417    206.213 0.0000e+00
      26392  550516785 162.716026  -44.72586  -59.12300    209.000     3.7897   3.166369    34.0477    27.0512     3.7757    7.32881     0.2427      2.427    207.204 0.0000e+00
      26343  550516783 162.716002  -44.72586  -59.12300    210.000     3.7844   3.165928    34.0474    27.0516     3.7703    7.32976     0.2437      2.437    208.195 0.0000e+00
      26315  550516782 162.715989  -44.72586  -59.12300    211.000     3.7810   3.165506    34.0454    27.0503     3.7668    7.33047     0.2447      2.447    209.186 0.0000e+00
      26288  550516781 162.715975  -44.72586  -59.12300    212.000     3.7741   3.165106    34.0473    27.0525     3.7599    7.33161     0.2457      2.457    210.176 0.0000e+00
      26256  550516779 162.715960  -44.72586  -59.12300    213.000     3.7678   3.164575    34.0470    27.0529     3.7535    7.33275     0.2468      2.468    211.167 0.0000e+00
      26217  550516778 162.715941  -44.72586  -59.12301    214.000     3.7614   3.164044    34.0468    27.0534     3.7471    7.33390     0.2478      2.478    212.158 0.0000e+00
      26173  550516776 162.715920  -44.72586  -59.12302    215.000     3.7551   3.163583    34.0473    27.0544     3.7407    7.33500     0.2488      2.488    213.149 0.0000e+00
      26145  550516775 162.715907  -44.72586  -59.12302    216.000     3.7514   3.163297    34.0472    27.0547     3.7369    7.33566     0.2498      2.498    214.140 0.0000e+00
      26124  550516774 162.715897  -44.72586  -59.12302    217.000     3.7445   3.162949    34.0497    27.0574     3.7300    7.33677     0.2508      2.508    215.131 0.0000e+00
      26103  550516773 162.715886  -44.72586  -59.12302    218.000     3.7400   3.162453    34.0480    27.0565     3.7254    7.33766     0.2518      2.518    216.122 0.0000e+00
      26077  550516772 162.715874  -44.72586  -59.12302    219.000     3.7389   3.162143    34.0449    27.0541     3.7243    7.33801     0.2528      2.528    217.113 0.0000e+00
      26049  550516771 162.715860  -44.72588  -59.12302    220.000     3.7318   3.161970    34.0497    27.0587     3.7171    7.33905     0.2538      2.538    218.103 0.0000e+00
      26022  550516770 162.715847  -44.72587  -59.12302    221.000     3.7214   3.161357    34.0527    27.0621     3.7067    7.34076     0.2549      2.549    219.094 0.0000e+00
      25995  550516769 162.715834  -44.72586  -59.12302    222.000     3.7150   3.160964    34.0541    27.0639     3.7002    7.34183     0.2559      2.559    220.085 0.0000e+00
      25942  550516766 162.715809  -44.72586  -59.12304    223.000     3.7085   3.160570    34.0557    27.0657     3.6936    7.34292     0.2569      2.569    221.076 0.0000e+00
      25902  550516765 162.715789  -44.72588  -59.12302    224.000     3.7021   3.160177    34.0571    27.0675     3.6872    7.34399     0.2579      2.579    222.067 0.0000e+00
      25876  550516764 162.715777  -44.72588  -59.12302    225.000     3.6908   3.159549    34.0609    27.0716     3.6758    7.34583     0.2589      2.589    223.058 0.0000e+00
      25854  550516763 162.715766  -44.72588  -59.12303    226.000     3.6837   3.159013    34.0613    27.0727     3.6687    7.34707     0.2599      2.599    224.048 0.0000e+00
      25833  550516762 162.715756  -44.72588  -59.12304    227.000     3.6766   3.158477    34.0618    27.0738     3.6615    7.34832     0.2609      2.609    225.039 0.0000e+00
      25753  550516758 162.715718  -44.72588  -59.12304    228.000     3.6695   3.157941    34.0623    27.0749     3.6544    7.34957     0.2619      2.619    226.030 0.0000e+00
      25688  550516756 162.715686  -44.72588  -59.12304    229.000     3.6623   3.157406    34.0629    27.0760     3.6471    7.35083     0.2629      2.629    227.021 0.0000e+00
      25661  550516755 162.715673  -44.72588  -59.12304    230.000     3.6552   3.156870    34.0633    27.0771     3.6400    7.35208     0.2639      2.639    228.012 0.0000e+00
      25604  550516752 162.715646  -44.72588  -59.12304    231.000     3.6481   3.156334    34.0638    27.0782     3.6328    7.35333     0.2649      2.649    229.003 0.0000e+00
      25563  550516751 162.715626  -44.72588  -59.12306    232.000     3.6410   3.155798    34.0643    27.0793     3.6256    7.35458     0.2658      2.658    229.993 0.0000e+00
      25541  550516750 162.715615  -44.72588  -59.12306    233.000     3.6275   3.154595    34.0634    27.0799     3.6121    7.35705     0.2668      2.668    230.984 0.0000e+00
      25522  550516749 162.715606  -44.72588  -59.12306    234.000     3.6121   3.153216    34.0625    27.0807     3.5967    7.35986     0.2678      2.678    231.975 0.0000e+00
      25504  550516748 162.715597  -44.72590  -59.12306    235.000     3.5967   3.151837    34.0615    27.0814     3.5812    7.36268     0.2688      2.688    232.966 0.0000e+00
      25484  550516747 162.715588  -44.72590  -59.12306    236.000     3.5921   3.151527    34.0621    27.0823     3.5766    7.36348     0.2698      2.698    233.956 0.0000e+00
      25460  550516746 162.715576  -44.72590  -59.12306    237.000     3.5876   3.151216    34.0625    27.0831     3.5720    7.36426     0.2708      2.708    234.947 0.0000e+00
      25428  550516745 162.715561  -44.72590  -59.12306    238.000     3.5830   3.150906    34.0631    27.0840     3.5673    7.36506     0.2718      2.718    235.938 0.0000e+00
      25403  550516744 162.715549  -44.72590  -59.12306    239.000     3.5784   3.150595    34.0636    27.0849     3.5627    7.36586     0.2728      2.728    236.929 0.0000e+00
      25385  550516743 162.715540  -44.72590  -59.12306    240.000     3.5738   3.150285    34.0642    27.0858     3.5580    7.36666     0.2738      2.738    237.920 0.0000e+00
      25360  550516742 162.715528  -44.72590  -59.12306    241.000     3.5693   3.149974    34.0646    27.0866     3.5535    7.36745     0.2747      2.747    238.910 0.0000e+00
      25276  550516739 162.715488  -44.72590  -59.12308    242.000     3.5647   3.149664    34.0652    27.0875     3.5488    7.36825     0.2757      2.757    239.901 0.0000e+00
      25260  550516738 162.715480  -44.72590  -59.12308    243.000     3.5601   3.149353    34.0657    27.0884     3.5442    7.36905     0.2767      2.767    240.892 0.0000e+00
      25247  550516737 162.715474  -44.72590  -59.12308    244.000     3.5531   3.148915    34.0673    27.0903     3.5371    7.37024     0.2777      2.777    241.883 0.0000e+00
      25236  550516737 162.715468  -44.72590  -59.12308    245.000     3.5503   3.148451    34.0641    27.0880     3.5342    7.37090     0.2787      2.787    242.873 0.0000e+00
      25224  550516736 162.715462  -44.72591  -59.12308    246.000     3.5453   3.148211    34.0659    27.0900     3.5292    7.37171     0.2797      2.797    243.864 0.0000e+00
      25209  550516736 162.715455  -44.72592  -59.12308    247.000     3.5414   3.148135    34.0685    27.0925     3.5252    7.37228     0.2806      2.806    244.855 0.0000e+00
      25168  550516734 162.715436  -44.72592  -59.12308    248.000     3.5418   3.148152    34.0678    27.0918     3.5256    7.37225     0.2816      2.816    245.845 0.0000e+00
      25121  550516732 162.715413  -44.72592  -59.12308    249.000     3.5421   3.148170    34.0672    27.0913     3.5258    7.37222     0.2826      2.826    246.836 0.0000e+00
      25099  550516731 162.715402  -44.72592  -59.12308    250.000     3.5425   3.148187    34.0664    27.0907     3.5261    7.37219     0.2836      2.836    247.827 0.0000e+00
      25081  550516730 162.715394  -44.72592  -59.12308    251.000     3.5439   3.148460    34.0677    27.0915     3.5274    7.37187     0.2846      2.846    248.818 0.0000e+00
      25063  550516730 162.715385  -44.72592  -59.12308    252.000     3.5455   3.148766    34.0691    27.0926     3.5290    7.37151     0.2855      2.855    249.808 0.0000e+00
      25042  550516729 162.715375  -44.72592  -59.12308    253.000     3.5450   3.149044    34.0725    27.0953     3.5284    7.37144     0.2865      2.865    250.799 0.0000e+00
      25017  550516728 162.715363  -44.72592  -59.12310    254.000     3.5459   3.149173    34.0725    27.0952     3.5292    7.37127     0.2875      2.875    251.790 0.0000e+00
      24974  550516726 162.715342  -44.72592  -59.12310    255.000     3.5468   3.149301    34.0726    27.0952     3.5301    7.37111     0.2885      2.885    252.780 0.0000e+00
      24933  550516724 162.715322  -44.72593  -59.12310    256.000     3.5477   3.149430    34.0727    27.0952     3.5309    7.37094     0.2895      2.895    253.771 0.0000e+00
      24899  550516723 162.715306  -44.72594  -59.12310    257.000     3.5486   3.149558    34.0727    27.0951     3.5317    7.37078     0.2904      2.904    254.762 0.0000e+00
      24870  550516722 162.715292  -44.72594  -59.12310    258.000     3.5456   3.149430    34.0738    27.0963     3.5287    7.37126     0.2914      2.914    255.752 0.0000e+00
      24852  550516721 162.715283  -44.72594  -59.12310    259.000     3.5490   3.149582    34.0715    27.0942     3.5320    7.37076     0.2924      2.924    256.743 0.0000e+00
      24839  550516720 162.715277  -44.72594  -59.12311    260.000     3.5503   3.149984    34.0744    27.0964     3.5332    7.37038     0.2934      2.934    257.734 0.0000e+00
      24827  550516720 162.715271  -44.72594  -59.12312    261.000     3.5515   3.150174    34.0749    27.0966     3.5344    7.37014     0.2943      2.943    258.724 0.0000e+00
      24815  550516719 162.715265  -44.72594  -59.12312    262.000     3.5527   3.150410    34.0760    27.0974     3.5355    7.36987     0.2953      2.953    259.715 0.0000e+00
      24802  550516719 162.715259  -44.72594  -59.12312    263.000     3.5537   3.150654    34.0773    27.0983     3.5364    7.36963     0.2963      2.963    260.706 0.0000e+00
      24766  550516717 162.715242  -44.72594  -59.12311    264.000     3.5547   3.150899    34.0787    27.0993     3.5373    7.36938     0.2973      2.973    261.696 0.0000e+00
      24694  550516714 162.715207  -44.72594  -59.12312    265.000     3.5557   3.151143    34.0800    27.1003     3.5383    7.36913     0.2983      2.983    262.687 0.0000e+00
      24666  550516713 162.715193  -44.72594  -59.12310    266.000     3.5586   3.151578    34.0816    27.1014     3.5411    7.36853     0.2992      2.992    263.678 0.0000e+00
      24643  550516712 162.715182  -44.72594  -59.12312    267.000     3.5616   3.151938    34.0823    27.1016     3.5440    7.36796     0.3002      3.002    264.668 0.0000e+00
      24623  550516711 162.715173  -44.72594  -59.12312    268.000     3.5650   3.152401    34.0837    27.1024     3.5473    7.36727     0.3012      3.012    265.659 0.0000e+00
      24603  550516711 162.715163  -44.72594  -59.12312    269.000     3.5678   3.152955    34.0869    27.1047     3.5501    7.36661     0.3021      3.021    266.649 0.0000e+00
      24580  550516710 162.715152  -44.72594  -59.12313    270.000     3.5715   3.153460    34.0886    27.1056     3.5537    7.36586     0.3031      3.031    267.640 0.0000e+00
      24556  550516709 162.715140  -44.72594  -59.12314    271.000     3.5722   3.154179    34.0959    27.1114     3.5543    7.36537     0.3041      3.041    268.631 0.0000e+00
