estaciones_CTD_tipo/u035.cnv
* Sea-Bird SBE 9 Data File:
* FileName = D:\MALVINAS_CASSIS_2017\CTD_Data\035.hex
* Software Version Seasave V 7.23.2
* Temperature SN = 4727
* Conductivity SN = 3330
* Number of Bytes Per Scan = 23
* Number of Voltage Words = 0
* Number of Scans Averaged by the Deck Unit = 1
* NMEA Latitude = 44 43.75 S
* NMEA Longitude = 059 07.46 W
* NMEA UTC (Time) = Jun 11 2017  16:52:44
** Ship: PD
** Station: 035
** Operator:
** CTD Inidep s/botellas c/LADCP
** Nueva end termination
** La estacion se realizo con el cable de la bomba desconectado. 
** Datos muy ruidosos, mas durante el descenso, se procesa el ascenso
** Los valores malos de T y C fueron editados, interpolados  y luego 
** las variabes oceanograficas re-calculadas en esos niveles interpolados
** Datos cuestionables.
# nquan = 16
# nvalues = 603                         
# units = specified
# name 0 = scan: Scan Count
# name 1 = timeQ: Time, NMEA [seconds]
# name 2 = timeJ: Julian Days
# name 3 = latitude: Latitude [deg]
# name 4 = longitude: Longitude [deg]
# name 5 = prDM: Pressure, Digiquartz [db]
# name 6 = t090C: Temperature [ITS-90, deg C]
# name 7 = c0S/m: Conductivity [S/m]
# name 8 = sal00: Salinity, Practical [PSU]
# name 9 = sigma-é00: Density [sigma-theta, kg/m^3]
# name 10 = potemp090C: Potential Temperature [ITS-90, deg C]
# name 11 = oxsolML/L: Oxygen Saturation, Garcia & Gordon [ml/l]
# name 12 = dm: Dynamic Meters [10 J/kg]
# name 13 = gpa: Geopotential Anomaly [J/kg]
# name 14 = depSM: Depth [salt water, m], lat = -44.7292
# name 15 = flag: flag
# span 0 =      17971,      34411       
# span 1 =  550516293,  550539285       
# span 2 = 162.711965, 162.719893       
# span 3 =  -44.72814,  -44.72554       
# span 4 =  -59.12571,  -59.12258       
# span 5 =      1.000,    604.000       
# span 6 =     2.9149,     5.8019       
# span 7 =   3.118982,   3.318416       
# span 8 =    33.8634,    34.2842       
# span 9 =    26.6797,    27.3132       
# span 10 =     2.8810,     5.8018      
# span 11 =    6.99342,    7.47868      
# span 12 =     0.0000,     0.5951      
# span 13 =      0.000,      5.951      
# span 14 =      0.992,    598.239      
# span 15 = 0.0000e+00, 0.0000e+00      
# interval = decibars: 1                
# start_time = Jun 11 2017 16:52:45 [NMEA time, first data scan]
# bad_flag = -9.990e-29
*END*
[from data line 362]
      22167  550516607 162.713988  -44.72604  -59.12320    363.000     3.2087   3.128780    34.1223    27.1674     3.1855    7.42996     0.3903      3.903    359.746 0.0000e+00
      22151  550516606 162.713980  -44.72606  -59.12320    364.000     3.2063   3.128613    34.1222    27.1676     3.1831    7.43040     0.3912      3.912    360.737 0.0000e+00
      22133  550516606 162.713972  -44.72606  -59.12321    365.000     3.2038   3.128445    34.1223    27.1679     3.1805    7.43085     0.3921      3.921    361.727 0.0000e+00
      22111  550516605 162.713961  -44.72605  -59.12322    366.000     3.2026   3.128479    34.1234    27.1689     3.1792    7.43101     0.3930      3.930    362.717 0.0000e+00
      22086  550516604 162.713949  -44.72604  -59.12322    367.000     3.2014   3.128513    34.1246    27.1700     3.1780    7.43117     0.3939      3.939    363.707 0.0000e+00
      22066  550516603 162.713939  -44.72604  -59.12322    368.000     3.1977   3.128391    34.1265    27.1718     3.1742    7.43176     0.3948      3.948    364.697 0.0000e+00
      22047  550516602 162.713930  -44.72604  -59.12322    369.000     3.1907   3.128108    34.1299    27.1752     3.1672    7.43286     0.3957      3.957    365.687 0.0000e+00
      22020  550516601 162.713917  -44.72604  -59.12323    370.000     3.1883   3.127953    34.1300    27.1755     3.1647    7.43330     0.3966      3.966    366.678 0.0000e+00
      21973  550516599 162.713895  -44.72605  -59.12323    371.000     3.1859   3.127798    34.1301    27.1758     3.1622    7.43373     0.3976      3.976    367.668 0.0000e+00
      21943  550516598 162.713880  -44.72606  -59.12322    372.000     3.1834   3.127643    34.1303    27.1762     3.1597    7.43418     0.3985      3.985    368.658 0.0000e+00
      21929  550516597 162.713873  -44.72606  -59.12322    373.000     3.1810   3.127488    34.1304    27.1766     3.1572    7.43461     0.3994      3.994    369.648 0.0000e+00
      21909  550516596 162.713864  -44.72606  -59.12322    374.000     3.1774   3.127288    34.1313    27.1776     3.1536    7.43523     0.4003      4.003    370.638 0.0000e+00
      21892  550516595 162.713856  -44.72606  -59.12322    375.000     3.1737   3.127087    34.1322    27.1786     3.1498    7.43586     0.4012      4.012    371.628 0.0000e+00
      21878  550516594 162.713849  -44.72606  -59.12322    376.000     3.1703   3.126847    34.1323    27.1791     3.1464    7.43647     0.4021      4.021    372.618 0.0000e+00
      21863  550516593 162.713842  -44.72606  -59.12322    377.000     3.1665   3.126590    34.1327    27.1797     3.1425    7.43715     0.4030      4.030    373.608 0.0000e+00
      21846  550516592 162.713833  -44.72606  -59.12324    378.000     3.1647   3.126407    34.1318    27.1792     3.1406    7.43752     0.4039      4.039    374.598 0.0000e+00
      21836  550516591 162.713829  -44.72606  -59.12324    379.000     3.1607   3.126225    34.1333    27.1807     3.1366    7.43818     0.4048      4.048    375.589 0.0000e+00
      21821  550516591 162.713821  -44.72606  -59.12324    380.000     3.1552   3.125965    34.1354    27.1829     3.1310    7.43908     0.4057      4.057    376.579 0.0000e+00
      21796  550516590 162.713809  -44.72606  -59.12324    381.000     3.1544   3.125931    34.1353    27.1829     3.1302    7.43923     0.4066      4.066    377.569 0.0000e+00
      21746  550516587 162.713785  -44.72607  -59.12323    382.000     3.1535   3.125897    34.1353    27.1830     3.1292    7.43940     0.4075      4.075    378.559 0.0000e+00
      21709  550516586 162.713767  -44.72608  -59.12322    383.000     3.1527   3.125862    34.1352    27.1830     3.1283    7.43955     0.4084      4.084    379.549 0.0000e+00
      21697  550516585 162.713762  -44.72608  -59.12322    384.000     3.1518   3.125828    34.1352    27.1831     3.1274    7.43971     0.4093      4.093    380.539 0.0000e+00
      21693  550516584 162.713760  -44.72608  -59.12322    385.000     3.1488   3.125662    34.1358    27.1839     3.1243    7.44023     0.4102      4.102    381.529 0.0000e+00
      21686  550516584 162.713756  -44.72608  -59.12322    386.000     3.1479   3.125621    34.1357    27.1839     3.1234    7.44040     0.4111      4.111    382.519 0.0000e+00
      21673  550516583 162.713750  -44.72608  -59.12322    387.000     3.1452   3.125582    34.1375    27.1856     3.1206    7.44080     0.4120      4.120    383.509 0.0000e+00
      21657  550516582 162.713742  -44.72608  -59.12323    388.000     3.1412   3.125450    34.1396    27.1876     3.1165    7.44143     0.4129      4.129    384.499 0.0000e+00
      21648  550516582 162.713738  -44.72608  -59.12324    389.000     3.1407   3.125432    34.1394    27.1875     3.1160    7.44153     0.4138      4.138    385.489 0.0000e+00
      21599  550516579 162.713714  -44.72608  -59.12324    390.000     3.1401   3.125414    34.1393    27.1875     3.1153    7.44165     0.4147      4.147    386.479 0.0000e+00
      21565  550516578 162.713698  -44.72608  -59.12324    391.000     3.1396   3.125396    34.1390    27.1873     3.1148    7.44175     0.4156      4.156    387.469 0.0000e+00
      21545  550516577 162.713688  -44.72608  -59.12324    392.000     3.1372   3.125359    34.1406    27.1888     3.1123    7.44211     0.4165      4.165    388.459 0.0000e+00
      21528  550516576 162.713680  -44.72610  -59.12322    393.000     3.1329   3.125206    34.1427    27.1909     3.1079    7.44279     0.4174      4.174    389.449 0.0000e+00
      21507  550516575 162.713670  -44.72610  -59.12322    394.000     3.1330   3.125197    34.1420    27.1903     3.1080    7.44281     0.4183      4.183    390.439 0.0000e+00
      21455  550516572 162.713645  -44.72610  -59.12324    395.000     3.1332   3.125189    34.1411    27.1896     3.1081    7.44282     0.4192      4.192    391.429 0.0000e+00
      21407  550516570 162.713622  -44.72610  -59.12324    396.000     3.1333   3.125180    34.1404    27.1890     3.1081    7.44284     0.4201      4.201    392.419 0.0000e+00
      21386  550516569 162.713611  -44.72610  -59.12324    397.000     3.1294   3.125151    34.1436    27.1919     3.1042    7.44339     0.4210      4.210    393.409 0.0000e+00
      21365  550516568 162.713601  -44.72610  -59.12324    398.000     3.1276   3.125084    34.1441    27.1925     3.1023    7.44369     0.4219      4.219    394.400 0.0000e+00
      21345  550516567 162.713592  -44.72610  -59.12324    399.000     3.1285   3.125030    34.1420    27.1908     3.1032    7.44364     0.4228      4.228    395.390 0.0000e+00
      21328  550516567 162.713583  -44.72610  -59.12324    400.000     3.1266   3.125033    34.1435    27.1921     3.1012    7.44391     0.4237      4.237    396.380 0.0000e+00
      21315  550516566 162.713577  -44.72610  -59.12324    401.000     3.1247   3.124953    34.1440    27.1927     3.0992    7.44423     0.4246      4.246    397.369 0.0000e+00
      21299  550516565 162.713569  -44.72612  -59.12324    402.000     3.1229   3.124839    34.1440    27.1929     3.0974    7.44456     0.4255      4.255    398.359 0.0000e+00
      21261  550516563 162.713551  -44.72612  -59.12323    403.000     3.1231   3.124805    34.1428    27.1919     3.0975    7.44459     0.4263      4.263    399.349 0.0000e+00
      21236  550516562 162.713539  -44.72612  -59.12324    404.000     3.1226   3.124877    34.1437    27.1927     3.0969    7.44463     0.4272      4.272    400.339 0.0000e+00
      21214  550516561 162.713528  -44.72612  -59.12324    405.000     3.1188   3.124844    34.1467    27.1955     3.0931    7.44518     0.4281      4.281    401.329 0.0000e+00
      21190  550516560 162.713517  -44.72610  -59.12324    406.000     3.1169   3.124682    34.1462    27.1952     3.0911    7.44555     0.4290      4.290    402.319 0.0000e+00
      21169  550516559 162.713507  -44.72611  -59.12324    407.000     3.1170   3.124742    34.1463    27.1953     3.0912    7.44553     0.4299      4.299    403.309 0.0000e+00
      21141  550516557 162.713494  -44.72612  -59.12324    408.000     3.1171   3.124802    34.1464    27.1954     3.0912    7.44550     0.4308      4.308    404.299 0.0000e+00
      21124  550516556 162.713485  -44.72612  -59.12324    409.000     3.1172   3.124862    34.1465    27.1954     3.0912    7.44548     0.4317      4.317    405.289 0.0000e+00
      21109  550516556 162.713478  -44.72612  -59.12324    410.000     3.1160   3.124841    34.1470    27.1959     3.0900    7.44568     0.4326      4.326    406.279 0.0000e+00
      21092  550516555 162.713470  -44.72612  -59.12324    411.000     3.1140   3.124787    34.1479    27.1969     3.0879    7.44600     0.4335      4.335    407.269 0.0000e+00
      21074  550516554 162.713461  -44.72612  -59.12324    412.000     3.1109   3.124630    34.1487    27.1978     3.0847    7.44652     0.4344      4.344    408.259 0.0000e+00
      21053  550516553 162.713451  -44.72612  -59.12324    413.000     3.1071   3.124426    34.1497    27.1990     3.0809    7.44717     0.4353      4.353    409.249 0.0000e+00
      21019  550516552 162.713434  -44.72613  -59.12324    414.000     3.1040   3.124132    34.1489    27.1986     3.0777    7.44778     0.4362      4.362    410.239 0.0000e+00
      20977  550516550 162.713414  -44.72612  -59.12324    415.000     3.1002   3.123909    34.1496    27.1995     3.0739    7.44844     0.4370      4.370    411.229 0.0000e+00
      20940  550516549 162.713397  -44.72612  -59.12324    416.000     3.0981   3.123758    34.1495    27.1996     3.0717    7.44883     0.4379      4.379    412.219 0.0000e+00
      20903  550516547 162.713379  -44.72612  -59.12324    417.000     3.0960   3.123607    34.1493    27.1997     3.0696    7.44923     0.4388      4.388    413.209 0.0000e+00
      20873  550516546 162.713364  -44.72614  -59.12324    418.000     3.0938   3.123455    34.1493    27.1998     3.0673    7.44963     0.4397      4.397    414.199 0.0000e+00
      20852  550516545 162.713354  -44.72614  -59.12324    419.000     3.0917   3.123304    34.1491    27.1999     3.0651    7.45003     0.4406      4.406    415.189 0.0000e+00
      20838  550516544 162.713347  -44.72614  -59.12324    420.000     3.0860   3.123213    34.1535    27.2039     3.0594    7.45085     0.4415      4.415    416.178 0.0000e+00
      20822  550516543 162.713340  -44.72614  -59.12324    421.000     3.0829   3.123016    34.1538    27.2045     3.0562    7.45140     0.4424      4.424    417.168 0.0000e+00
      20807  550516543 162.713332  -44.72614  -59.12324    422.000     3.0820   3.122980    34.1538    27.2046     3.0553    7.45157     0.4432      4.432    418.158 0.0000e+00
      20790  550516542 162.713324  -44.72614  -59.12324    423.000     3.0810   3.122943    34.1539    27.2047     3.0542    7.45175     0.4441      4.441    419.148 0.0000e+00
      20751  550516540 162.713306  -44.72614  -59.12324    424.000     3.0801   3.122907    34.1539    27.2048     3.0532    7.45192     0.4450      4.450    420.138 0.0000e+00
      20698  550516537 162.713280  -44.72614  -59.12326    425.000     3.0791   3.122870    34.1539    27.2049     3.0522    7.45210     0.4459      4.459    421.128 0.0000e+00
      20684  550516536 162.713273  -44.72614  -59.12325    426.000     3.0782   3.122834    34.1539    27.2050     3.0512    7.45226     0.4468      4.468    422.118 0.0000e+00
      20669  550516536 162.713266  -44.72614  -59.12324    427.000     3.0767   3.122778    34.1543    27.2054     3.0496    7.45252     0.4477      4.477    423.108 0.0000e+00
      20660  550516535 162.713261  -44.72615  -59.12324    428.000     3.0744   3.122665    34.1548    27.2061     3.0473    7.45292     0.4485      4.485    424.097 0.0000e+00
      20656  550516534 162.713260  -44.72616  -59.12324    429.000     3.0723   3.122602    34.1557    27.2070     3.0451    7.45326     0.4494      4.494    425.087 0.0000e+00
      20627  550516533 162.713245  -44.72616  -59.12325    430.000     3.0702   3.122540    34.1566    27.2079     3.0430    7.45360     0.4503      4.503    426.077 0.0000e+00
      20585  550516531 162.713225  -44.72616  -59.12326    431.000     3.0681   3.122477    34.1575    27.2089     3.0408    7.45394     0.4512      4.512    427.067 0.0000e+00
      20571  550516530 162.713219  -44.72616  -59.12324    432.000     3.0660   3.122414    34.1585    27.2098     3.0386    7.45428     0.4521      4.521    428.057 0.0000e+00
      20557  550516529 162.713212  -44.72616  -59.12324    433.000     3.0623   3.122339    34.1609    27.2121     3.0349    7.45483     0.4529      4.529    429.047 0.0000e+00
      20543  550516529 162.713205  -44.72616  -59.12324    434.000     3.0601   3.122228    34.1613    27.2126     3.0326    7.45521     0.4538      4.538    430.037 0.0000e+00
      20534  550516527 162.713201  -44.72617  -59.12324    435.000     3.0597   3.122153    34.1603    27.2119     3.0322    7.45534     0.4547      4.547    431.026 0.0000e+00
      20516  550516526 162.713192  -44.72618  -59.12324    436.000     3.0623   3.122278    34.1586    27.2102     3.0347    7.45495     0.4556      4.556    432.016 0.0000e+00
      20489  550516525 162.713179  -44.72618  -59.12324    437.000     3.0594   3.122388    34.1624    27.2136     3.0317    7.45529     0.4565      4.565    433.006 0.0000e+00
      20471  550516524 162.713170  -44.72616  -59.12324    438.000     3.0592   3.122415    34.1624    27.2136     3.0315    7.45532     0.4573      4.573    433.996 0.0000e+00
      20475  550516523 162.713172  -44.72616  -59.12326    439.000     3.0590   3.122443    34.1624    27.2136     3.0312    7.45536     0.4582      4.582    434.986 0.0000e+00
      20380  550516519 162.713126  -44.72618  -59.12324    440.000     3.0587   3.122470    34.1625    27.2137     3.0308    7.45541     0.4591      4.591    435.975 0.0000e+00
      20336  550516517 162.713105  -44.72618  -59.12324    441.000     3.0585   3.122497    34.1625    27.2138     3.0306    7.45545     0.4600      4.600    436.965 0.0000e+00
      20321  550516517 162.713098  -44.72618  -59.12324    442.000     3.0568   3.122562    34.1646    27.2156     3.0288    7.45566     0.4608      4.608    437.955 0.0000e+00
      20314  550516516 162.713095  -44.72618  -59.12324    443.000     3.0546   3.122648    34.1674    27.2180     3.0265    7.45592     0.4617      4.617    438.945 0.0000e+00
      20309  550516515 162.713092  -44.72618  -59.12324    444.000     3.0550   3.122852    34.1689    27.2192     3.0269    7.45577     0.4626      4.626    439.935 0.0000e+00
      20306  550516515 162.713091  -44.72618  -59.12324    445.000     3.0552   3.123204    34.1724    27.2220     3.0270    7.45555     0.4634      4.634    440.924 0.0000e+00
      20300  550516514 162.713088  -44.72618  -59.12325    446.000     3.0552   3.123291    34.1730    27.2224     3.0269    7.45552     0.4643      4.643    441.914 0.0000e+00
      20290  550516514 162.713083  -44.72618  -59.12326    447.000     3.0546   3.123307    34.1733    27.2227     3.0263    7.45562     0.4652      4.652    442.904 0.0000e+00
      20218  550516510 162.713048  -44.72620  -59.12324    448.000     3.0555   3.123561    34.1748    27.2239     3.0271    7.45537     0.4661      4.661    443.894 0.0000e+00
      20200  550516509 162.713040  -44.72620  -59.12324    449.000     3.0571   3.123575    34.1728    27.2221     3.0286    7.45518     0.4669      4.669    444.883 0.0000e+00
      20191  550516508 162.713035  -44.72620  -59.12324    450.000     3.0579   3.123810    34.1743    27.2232     3.0294    7.45496     0.4678      4.678    445.873 0.0000e+00
      20175  550516507 162.713028  -44.72620  -59.12324    451.000     3.0585   3.123961    34.1749    27.2237     3.0299    7.45482     0.4687      4.687    446.863 0.0000e+00
